Feat0,Feat1,Feat2,Feat3,Feat4,Feat5,Feat6,Feat7,target
151.1015625,44.44305342,-0.211364113,0.493050634,8.283444816,32.78526609,4.733530365,23.36605269,0
131.203125,49.89635498,0.239724721,-0.204361884,1.819397993,14.0068363,11.90907705,175.1796326,0
108.7734375,48.6094472,0.244124832,0.163763765,4.20735786,22.67843729,7.037457866,57.10577947,0
138.34375,52.88230409,-0.106165999,-0.26027436,2.87458194,16.79353244,8.821544558,96.79106969,0
120.96875,56.45157459,0.061310236,-0.5908195,5.939799331,27.64952759,5.230817843,28.63102166,0
65.6484375,41.74711626,2.497251543,7.762577084,21.5083612,61.49252148,2.597243105,5.004489646,0
134.140625,50.56149325,0.062787167,-0.269270839,3.739966555,20.8869014,7.469796161,63.32873961,0
128.6953125,54.78474334,-0.109724256,-0.410637831,1.87541806,16.60671474,10.66006505,126.3088165,0
35.28125,28.5790946,5.23632976,32.56266993,86.63461538,87.93267286,0.447778252,-1.223316058,1
124.9140625,53.75785224,0.260853676,-0.380045294,2.852842809,19.0102969,7.749659935,68.16323345,0
100.1328125,49.69710931,0.374109426,0.26094726,3.487458194,18.41424152,7.865520387,78.65388946,0
134.1015625,52.81140381,-0.122879035,-0.34499798,2.128762542,12.02026475,10.96571279,181.0542833,0
98.390625,43.89195441,0.323618327,0.327439929,2.095317726,13.63852298,9.638532337,125.5199935,0
97.9921875,37.94002176,0.710899473,2.053891874,0.849498328,11.03661092,16.71443626,320.3598233,0
99.4296875,39.3779133,0.466076614,1.004083947,2.118729097,20.18586587,9.886036755,99.12494014,0
141.8828125,51.61389425,-0.13818857,-0.188527888,2.099498328,14.20075719,10.22969007,131.3157569,0
77.15625,36.61378615,0.906546427,3.203718626,7.706521739,40.96111204,5.143018609,24.54182605,0
141.203125,51.57084923,-0.044294207,-0.384249096,2.773411371,20.13299415,8.846360156,85.73122794,0
113.921875,54.33369255,0.282513565,-0.400711329,1.91722408,15.25438709,10.53193777,132.4071607,0
134.828125,48.60396547,0.055082002,0.083608985,26.04849498,62.07061996,2.167364159,3.11293088,0
38.984375,32.87238211,4.325521261,22.71500718,19.15384615,47.67966981,2.98125434,8.742633981,1
105.1796875,48.77442234,0.202048021,-0.155566704,2.830267559,17.61604013,8.69105623,89.14546192,0
111.921875,49.42333226,0.448649455,0.401759184,1.861204013,12.74764585,11.45976511,173.065027,0
96.6953125,42.72268107,0.481746908,0.806312499,3.775919732,18.28174946,6.569441016,55.32852734,0
85.6484375,36.73587948,0.573283592,2.561399823,1.693979933,11.91146256,11.89796532,196.2721099,0
109.0234375,41.88609272,0.152747914,0.708814661,2.834448161,16.30840984,8.195097994,83.40470878,0
111.90625,54.87036391,0.13316183,-0.094538607,2.443979933,13.13498375,9.447612447,132.4709658,0
124.15625,58.11497729,0.009410779,-0.605070987,8.367892977,30.27957974,4.619652607,23.54194857,0
26.53125,30.71820956,5.436224105,32.43774101,31.38628763,51.3579928,2.279080658,5.406194859,1
148.3828125,51.200757,-0.113195798,-0.50223559,1.408026756,12.08791939,12.5121354,201.1278905,0
111.0234375,40.88196899,0.122113085,1.193418933,2.673076923,15.56239929,8.785771755,97.52747517,0
136.171875,45.35021868,-0.04758983,-0.09682132,4.863712375,25.86019761,6.187387769,40.72131285,0
95.2421875,46.66147134,0.426833353,0.191372208,3.54264214,23.38865362,7.360918491,57.43451003,0
116.2265625,49.87299727,0.17927596,0.17517602,0.922240803,11.5385702,15.65050753,277.0980548,0
111.5625,39.06159999,0.428737384,1.163120015,5.268394649,28.7694219,6.087362493,38.17750043,0
124.0859375,45.33297423,0.039337322,0.239576265,1.930602007,16.42244467,9.583074571,101.3518039,0
122.828125,57.36425681,0.084551461,-0.632719671,3.58361204,22.3035204,7.236332739,57.6726883,0
73.4765625,46.71321495,1.850355445,4.574529137,7.286789298,37.19435791,5.099236357,24.67882618,0
114.6171875,49.73981069,-0.009279021,-0.268610073,0.897157191,9.039320938,20.4868376,531.9289113,0
131.7421875,42.35974026,-0.078131312,0.176319321,1.304347826,13.24237704,12.08276419,169.0792518,0
131.4765625,55.99497255,0.064627218,-0.596634779,2.857859532,18.31021783,8.947855846,94.30128595,0
139.4140625,51.60843066,0.002730687,-0.401221985,0.961538462,11.4773381,15.83355128,288.0868852,0
15.4609375,29.64659085,6.24443227,41.00497636,57.35785953,70.27851209,1.038219736,0.122544329,1
127.15625,57.06389477,-0.017846396,-0.510873527,2.035117057,14.20650744,11.44462318,169.2260201,0
138.328125,48.31328579,0.006583939,-0.242764359,8.334448161,38.97383803,4.816874608,22.34940005,0
124.875,40.286862,0.162753248,1.338747355,1.278428094,14.37308322,12.76434889,174.6604887,0
118.3515625,48.69589784,0.070534291,0.158940178,0.68729097,11.67061337,18.26908303,346.1953994,0
32.59375,40.18909163,3.692951573,14.98795802,40.1145485,63.57220967,1.456445694,1.104743366,1
109.1875,49.02562308,0.375924678,0.274520763,4.402173913,24.5474347,6.362609188,43.10074064,0
127.9921875,47.0020771,0.394896,0.272481727,6.456521739,30.84388269,5.358775772,29.64450535,0
90.953125,35.35840144,0.573568026,2.490775153,1.097826087,13.00249379,14.14008913,222.5007381,0
130.546875,36.80137977,0.054194356,1.045966219,1.323578595,12.58535324,12.70528973,194.5797627,0
125.234375,44.87908832,0.004199261,-0.023814667,2.055183946,12.9264823,10.48156741,152.1806441,0
126.3984375,50.68011504,0.148480095,-0.098332441,1.946488294,15.3557201,10.53233968,130.8510101,0
133.890625,41.16472898,-0.152566571,1.179817903,3.612876254,25.63683468,7.525768064,57.66552885,0
126.7421875,42.23451012,0.040004424,0.07854244,1.243311037,10.82083478,14.75482682,284.7238788,0
142.7109375,50.0827678,0.055708737,-0.199145725,5.35451505,27.48291786,5.795879137,35.86346561,0
89.6875,38.83614417,0.528988452,1.701879119,2.581103679,16.79567185,8.599693868,88.514819,0
115.6796875,52.75828335,0.08208583,-0.497257221,1.864548495,12.19607292,11.1501261,176.5511924,0
124.28125,50.56832283,0.2376565,-0.014235108,0.734113712,9.488659318,19.18767419,453.9086925,0
104.109375,47.32355954,0.527019947,0.728725547,3.086120401,20.57477044,8.290999574,75.50380521,0
142.2421875,58.18837219,-0.258324648,-0.467257437,68.82190635,86.24383583,0.587272528,-1.428443443,0
110.421875,53.73671484,0.39658975,-0.233816886,3.421404682,22.78905028,7.446310182,58.06424297,0
117.6875,44.67779615,0.06459315,0.08990151,1.897157191,16.78001355,11.0340891,135.0411269,0
111.7890625,49.60164002,0.144222145,-0.242506035,1.622073579,12.15016059,12.3987029,201.4885727,0
107.4453125,48.58124776,0.575309454,0.662503216,118.6889632,50.64048223,0.122426771,0.108014989,0
157.5234375,41.84438523,-0.358968128,1.245268054,6.5,28.39518955,5.040040875,26.7181079,0
144.234375,49.4463858,-0.296366432,-0.341662017,3.360367893,22.17820199,7.792355784,65.27074661,0
102.4609375,31.52005868,0.760770056,3.689904951,2.060200669,16.6209378,9.539906871,101.7285611,0
163.2265625,38.42915862,-0.504786699,1.506960924,18.56187291,55.24653186,2.663092783,5.176117512,0
112.3515625,47.29191095,-0.003603606,0.007894344,1.815217391,14.5865587,10.68183949,136.0852759,0
141.5078125,48.82094135,-0.038178384,-0.263635284,4.87458194,21.85749658,6.611639425,54.37984267,0
88.046875,39.87595206,0.374604048,1.2526411,2.398829431,15.23743954,8.928530429,100.2890413,0
102.21875,42.18892359,0.598749344,1.262065598,1.653846154,12.21465936,11.94754163,189.9315938,0
132.1171875,50.26004581,-0.043431965,-0.189771142,122.0334448,73.24224857,-1.014506531,-0.838848454,0
108.0859375,44.33607929,0.492078922,0.690068624,2.665551839,18.0912824,9.929395865,111.5276721,0
119.0390625,57.06539592,0.197225841,-0.546739188,1.597826087,12.09430455,11.77894959,188.9745962,0
121.2578125,53.57139601,0.010873234,-0.020955446,2.040133779,12.94825286,11.19839607,167.728186,0
133.125,45.87261574,-0.129868881,-0.032632192,2.564381271,18.03211652,8.059278165,72.37749027,0
129.78125,43.30667123,-0.020949336,0.234721117,5.387959866,29.45908657,5.64892573,31.52839936,0
116.6796875,47.40697035,0.069426363,-0.173435707,92.82107023,82.69201688,-0.192942742,-1.877147659,0
53.90625,38.70570805,3.102124086,12.91403463,30.52759197,64.81415476,2.046183865,2.869000677,1
105.171875,50.41408369,0.258186156,-0.109551179,2.430602007,15.57346491,8.842649199,97.17444169,0
111.984375,55.5876257,0.167490851,-0.143090109,1.724080268,12.39723464,11.7745843,183.6719699,0
97.609375,39.6009853,0.305397281,1.403402411,5.632943144,29.99194237,5.738389093,33.66772366,0
132.09375,50.30973401,0.07466453,-0.287451605,3.933110368,24.15139417,6.93375924,50.93970141,0
112.765625,47.82822199,0.632487749,0.254354993,1.766722408,13.307274,10.58392149,143.8947196,0
144.0859375,51.52548328,-0.172211141,-0.251919009,4.553511706,26.87014443,6.533204862,44.34981028,0
140.6640625,50.09214593,-0.174341976,-0.106235536,1.739966555,11.96951708,11.57889398,189.5012323,0
92.671875,42.18858506,1.167883045,2.922436433,11.81354515,42.10203624,3.899759477,14.78652848,1
141.1953125,41.90652891,0.042272873,0.392180358,2.548494983,16.65055432,8.97622333,95.09153792,0
56.6171875,36.8256282,3.170534272,13.04289553,116.1655518,91.66224728,-0.128000436,-1.587711289,1
108.3671875,41.15896604,0.428721701,1.025186633,2.526755853,17.45505801,8.779310064,88.4612056,0
143.8046875,55.02571254,-0.159750998,-0.555587046,1.870401338,11.65569722,12.05507547,209.675879,0
130.3828125,51.44522589,0.099512815,-0.724336982,2.843645485,20.99095524,8.237226935,72.26463286,0
127.859375,48.60036882,-0.012876196,-0.384992309,1.867056856,12.69930943,11.15597431,165.8525717,0
126.828125,52.71668222,0.011701287,-0.488554603,1.600334448,12.90928472,11.41552965,164.6609982,0
130.359375,50.98862226,-0.052126211,-0.245665058,3.31187291,17.90178219,7.575502533,71.82775322,0
133.375,51.4136108,-0.065377782,-0.293032763,3.546822742,18.71776779,7.387669936,65.65799892,0
122.671875,47.82211658,0.255133387,0.267226667,1.877090301,12.6754883,10.96298019,164.0693539,0
131.5546875,53.37511835,-0.149405084,-0.363522588,3.035117057,23.69825864,8.127296343,66.64872691,0
123.328125,45.66062126,-0.056979496,-0.223013808,3.45735786,20.28848845,7.833925445,69.73495925,0
113.046875,36.07064669,0.255948783,1.442189269,3.565217391,17.57701432,7.131334923,67.00053635,0
143.703125,44.03112524,0.007296773,0.785614528,2.413043478,15.86765806,9.480588794,109.5741695,0
112.0078125,56.29477331,0.183155804,-0.521591153,0.77090301,10.00356238,17.89882844,387.7747422,0
140.7265625,48.16162808,-0.284626023,-0.168535352,1.04264214,9.888543811,17.26398739,385.4496986,0
113.6171875,40.97085875,0.409876964,0.852931843,0.780100334,11.33634337,16.77079199,307.2088109,0
61.5,40.76590947,2.017761287,6.74126845,10.90886288,41.62016758,4.234066704,17.59934858,1
131.1796875,48.99863416,0.070260303,-0.175594329,14.4138796,43.49945344,3.073368345,8.639340914,0
142.890625,49.97565569,-0.239889104,-0.166185901,2.076086957,17.01656865,9.866068877,108.012443,0
102.6796875,47.06908712,0.386944001,0.234452091,0.31270903,8.130882065,28.29723073,839.8706742,0
115.03125,50.25558699,0.111812458,-0.399653855,1.267558528,12.44836765,12.30092859,185.536609,0
118.53125,53.40440313,0.050606612,-0.444129432,1.466555184,12.83786409,11.95514376,175.4461159,0
116.6875,44.75344784,0.250725339,0.196419586,9.766722408,40.14111725,4.146721597,16.12095997,0
137.0625,53.88656343,-0.157731255,-0.29333012,13.73578595,39.66429475,2.906495725,7.806310594,0
29.40625,37.29096688,3.5207118,13.48457498,55.07274247,69.81114438,1.072309676,0.105186717,1
104.484375,36.33588627,0.099265096,1.868098509,0.762541806,9.644628787,18.87829396,434.6230518,0
139.4765625,52.73873767,-0.035513016,-0.311343922,5.008361204,28.55338713,6.12047807,38.31345626,0
128.71875,49.25918974,0.091429982,0.064872572,0.599498328,9.121034883,22.43255378,565.9673629,0
130.8125,49.59299188,0.191603203,-0.115996656,13.61789298,43.04371249,3.267808836,9.98319701,0
154.9765625,42.49512193,-0.280141686,0.563651631,0.680602007,9.045499535,22.32033128,572.6929099,0
134.5078125,48.75608874,-0.031635558,-0.131965934,0.764214047,11.91586687,18.58770705,369.8968388,0
115.15625,54.41326778,0.389621738,-0.129343322,3.133779264,21.17554032,9.289008901,93.01545005,1
111.5,44.4789276,0.369225064,0.377322825,0.971571906,11.42201394,14.86292364,262.0944803,0
105.640625,45.53496843,0.830424487,1.232635663,13.36538462,48.41507517,3.619330621,11.8583304,1
101.7109375,38.38704053,0.726354899,1.82809812,3.022575251,17.3213864,7.219430537,64.14897621,0
115.2578125,50.35487285,0.473461604,0.039218667,2.290133779,13.33835229,9.913504639,137.7983539,0
125.8359375,43.16588231,-0.09848083,0.076846523,4.214046823,22.14129158,6.536828804,48.47794714,0
106.5625,47.41600303,0.315270049,0.091569073,1.754180602,16.52305901,10.73129659,125.0885017,0
128.3359375,53.06986512,-0.23619109,-0.057164535,3.367892977,18.02757381,7.409604821,67.11517907,0
123.0390625,52.97425707,0.123674105,-0.42398648,27.0041806,68.75577798,2.302242486,3.579374471,0
131.4921875,52.18087474,0.148064105,-0.342864037,3.040133779,15.84889121,7.557919376,76.74997463,0
117.515625,50.45790083,0.307339603,0.029154918,1.383779264,14.78595457,11.96943871,155.2941978,0
93.28125,39.95797353,0.66620289,1.855787209,1.614548495,15.86237073,11.21873275,137.1681629,0
36.25,29.00134695,4.64565083,28.57886244,16.28177258,47.30140709,3.40310322,11.37358079,1
112.2109375,47.28696509,0.268769406,0.012306292,3.278428094,19.7163897,8.195939511,76.33900035,0
124.8671875,44.84650403,0.170959265,0.531905913,2.634615385,16.24162575,9.053004893,100.0908494,0
87.6953125,43.84054177,0.518128132,0.549357837,4.044314381,21.02699037,6.825063162,53.93919499,0
128.171875,50.56216925,-0.179668234,-0.038751509,2.477424749,15.90798138,8.852441226,96.57277049,0
104.90625,45.63791555,0.359634313,0.370003145,1.935618729,15.19499903,10.13235907,120.8941292,0
94.390625,37.35895023,0.484445748,2.071257302,3.320234114,16.41875585,7.386259642,72.79385559,0
109.1875,51.10876117,0.34616036,0.012829596,2.009197324,14.46414373,10.01218652,123.192719,0
122.21875,51.32797993,0.155024574,0.009325055,2.342809365,14.08483162,9.424339507,119.9810154,0
119.8125,58.06283638,-0.001550634,-0.624844215,3.673913043,20.59221096,6.918202324,54.05813595,0
139.484375,45.91227783,-0.190001323,0.355671782,1.782608696,12.4222491,11.17184766,171.3297163,0
133.671875,54.71975611,0.017328156,-0.412603216,75.46237458,79.8399701,0.264667045,-1.686645742,0
114.8046875,51.88976576,0.432414073,-0.305725634,2.902173913,20.53782615,8.366583027,75.47549342,0
68.90625,50.1353539,1.940449831,3.891114308,75.96655518,79.82689603,0.694073696,-0.785507585,1
103.859375,38.87333887,0.425417984,0.9626272,1.984113712,13.95383868,9.822261009,123.7929266,0
113.421875,49.87916796,0.327066072,0.264915668,1.785953177,16.02874727,10.01049738,109.6181284,0
138.546875,47.44945656,-0.362068088,0.289589036,2.66722408,16.53934084,8.920507308,97.19917119,0
64.921875,32.22858043,3.429072745,16.42133222,33.67056856,60.49110748,1.748564728,2.088555685,1
112.8359375,42.14906163,0.303681923,0.125849601,0.650501672,8.776675044,22.31288155,601.1025553,0
122.1171875,51.45653826,0.058075427,-0.174187285,3.045150502,20.49617718,7.717871574,65.30845002,0
100.203125,49.84340468,0.31864279,0.12210949,2.133779264,16.80914396,9.43986697,100.8771482,0
110.359375,42.74154419,0.092004523,0.538840697,3.418896321,19.09028744,7.527202023,67.81122537,0
111.28125,47.93288562,0.226992583,0.101150637,16.20735786,48.92975457,2.875480777,6.773896352,0
41.2109375,31.94664799,3.887521273,19.89781024,88.33361204,78.91144803,0.588461918,-0.807271674,1
109.640625,47.33965277,0.3369552,0.292267552,7.193143813,29.4181647,5.000635054,27.13882547,0
143.71875,47.62351335,-0.113036125,-0.368045041,5.346989967,28.02413256,5.919328985,35.81880526,0
119.03125,45.62687282,-0.070863795,0.101826857,2.679765886,14.86180348,8.510970307,99.34315422,0
116.890625,52.52711121,0.184551771,-0.284490599,1.87458194,19.15788099,10.60222815,114.7420176,0
122.4296875,46.2705501,0.475846882,0.417941941,3.872073579,26.40667018,7.3672044,55.66470708,0
115.25,55.79286469,0.195342695,-0.630293883,0.862040134,11.94756649,16.29775539,290.9773381,0
119.859375,50.38348787,0.084360203,-0.165893208,2.567725753,15.74678165,8.28200626,85.90172189,0
112.546875,52.41195882,0.291777959,-0.27550325,2.43645485,19.58461128,8.62295946,78.23533649,0
108.09375,47.51405014,0.103299387,-0.183673123,1.277591973,11.40299495,13.74314832,244.0273259,0
68.7109375,40.50793756,2.150269126,6.459922466,42.65384615,63.04141212,1.675482143,1.952082522,1
96.6953125,48.39817897,0.602828043,0.563219866,2.16722408,17.73128471,9.730092473,103.9941835,0
125.796875,56.54939204,0.222746924,-0.582206232,1.142140468,11.85911712,13.77815301,228.8116074,0
157.8515625,56.09117715,-1.095116745,0.762162117,1.972408027,17.86071363,10.54701955,118.8702725,0
135.0078125,55.55972238,-0.08692224,-0.514271214,20.59280936,48.50015255,2.338351978,4.61105931,0
77.7578125,37.60937094,0.818705758,2.807898626,1.286789298,14.048192,14.86154124,246.155588,0
136.703125,55.21525482,-0.138694079,-0.457520726,3.048494983,19.55006409,7.873036125,69.09910524,0
125.8203125,47.63294448,-0.067936961,0.41658857,6.831939799,31.57071507,5.12784442,26.87861887,0
83.0625,36.78224563,0.538980864,2.46232529,0.964046823,13.6317875,15.74071208,262.1075052,0
125.84375,58.77810996,0.138070136,-0.529035476,84.45401338,93.50264457,0.287568762,-1.775350139,0
134.453125,48.46565462,0.025583999,-0.236608364,1.913879599,14.51772442,11.51860515,167.9747034,0
112.4140625,52.30119014,0.158770609,-0.150688625,2.454849498,18.95613141,8.547695546,78.43381106,0
88.6015625,37.51236043,0.449565856,1.755974255,2.107859532,15.95633376,10.33326932,122.5837477,0
35.640625,30.09794801,4.800069685,28.05925576,24.90301003,53.78264156,2.463464358,5.68723356,1
123.46875,45.47508547,0.345780685,0.647414924,32.91973244,65.09419657,1.605538349,0.871363737,1
123.640625,46.58170483,0.183814841,0.242489372,2.659698997,19.53507474,8.496792643,78.81380051,0
108.1875,46.96819902,0.40537351,0.21733415,27.2541806,61.76918364,1.991531,2.333172178,0
157.5859375,48.24943771,-0.308626969,0.115956991,1.22826087,9.73532189,17.23539114,400.0113362,0
105.2421875,42.55377959,0.233982656,0.793399595,2.663043478,16.14449818,8.15426757,82.34590547,0
118.1640625,48.9195413,0.175343053,0.039587929,4.824414716,27.02611036,6.951054792,51.33448126,0
88.078125,34.93042401,0.697019501,2.944674404,0.922240803,13.30142474,15.06140405,235.3279059,0
147.59375,53.65186354,-0.331162319,-0.453953872,4.427257525,28.35339974,6.547949622,42.6142414,0
158.7421875,59.4543215,-0.652352561,-0.627524791,0.782608696,11.31996927,18.89806607,387.893477,0
90.4453125,43.91856964,0.887704461,1.392000315,2.066053512,12.49681504,10.426202,158.7573766,0
142.2265625,54.20104572,-0.282400762,-0.20353219,1.091973244,12.52969326,14.07014691,222.6700157,0
95.6015625,52.56281062,0.530872208,-0.084731413,2.410535117,14.21688863,9.406061731,118.4317915,0
89.7109375,34.15249633,0.666422009,3.359035517,1.350334448,14.47851048,12.27007462,163.6379483,0
104.8671875,40.15057034,0.258968168,0.999369326,1.849498328,15.37711319,11.22725947,145.1131332,0
124.1875,47.93236609,-0.021858627,-0.085495775,5.857859532,30.94165721,5.888273251,35.46850138,0
127.8515625,50.36803454,0.052309801,-0.085370792,1.612040134,14.88725709,12.662377,177.8464001,0
113.71875,50.70994995,0.12500092,-0.019120225,2.37458194,14.76143022,9.197034461,108.5554995,0
98.5703125,46.96486113,0.486974197,0.659885172,2.163043478,15.97744037,9.966214944,120.3597584,0
120.8984375,53.50318913,0.156768714,-0.459783444,1.180602007,10.88081486,14.8866621,285.5603982,0
112.0234375,44.52623258,0.207140254,-0.020172004,3.633779264,25.01691059,7.213329723,52.74660947,0
150.09375,56.70047915,-0.256682808,-0.59470588,137.1488294,51.22345555,-0.540918677,0.598846574,0
61.0703125,52.7226208,1.908949655,3.442102757,16.66555184,50.41876659,3.078327672,8.30819942,0
128.21875,42.79437344,0.251676685,0.537561594,2.329431438,16.34387482,8.364081637,82.59972601,0
127.328125,42.19358463,-0.290245914,0.504731551,2.740802676,15.46642844,8.395904139,91.59635199,0
169.9921875,60.81253162,-1.388003467,1.012051502,8.156354515,33.96129217,4.281015231,18.05102239,0
89.4453125,36.53675559,0.895555863,3.164132145,1.850334448,15.44632009,11.89374235,163.945695,0
113.765625,50.23343701,0.160688061,0.065312604,2.177257525,14.3011805,10.25071805,134.2104804,0
110.1015625,48.708771,0.518679192,0.343425168,1.065217391,12.33428323,14.14140861,230.3871918,0
120.4375,43.43345305,0.146639141,0.67250805,1.495819398,10.91135532,14.17387919,272.0814945,0
136.4453125,50.72302371,0.08461618,-0.223626023,3.072742475,20.88911383,7.893147843,68.11404165,0
110.6484375,53.56867523,0.457043877,0.135061004,3.306856187,18.21518496,7.426292711,67.10059555,0
97.78125,50.98926626,0.286499337,-0.15319664,2.069397993,15.55971451,9.846944316,115.1501467,0
118.5390625,46.74714268,0.380268104,0.154963068,30.83361204,65.21619493,1.825110804,1.73714992,0
137.8828125,47.89239584,0.114624364,0.286009798,1.305183946,13.76090652,13.09358513,195.2222586,0
138.59375,55.50555117,-0.218942306,-0.498829411,3.402173913,19.86113064,7.830281836,70.57777415,0
36.0390625,37.72482653,4.091050433,17.52244822,81.17140468,71.76757742,0.718281913,-0.319615643,1
115.0390625,52.53397745,0.072392003,-0.427298261,5.933946488,28.7653083,5.121409292,26.45260411,0
140.96875,50.12530198,-0.111385828,-0.0284727,5.059364548,30.68775187,6.334279891,40.09750623,0
103.9609375,45.48787653,0.465735454,0.61748296,1.102006689,14.40832962,13.96511934,201.281494,0
144.5078125,46.26317314,-0.260833314,0.503275398,2.155518395,16.95343499,9.211907108,94.6420328,0
128.765625,52.46389895,0.149426015,-0.309529847,1.835284281,16.07732546,10.70291909,130.121044,0
110.796875,54.8917058,0.245544714,-0.493729967,1.448160535,14.67769068,11.38841631,143.7556606,0
119.53125,47.45984117,0.19389944,0.068190191,2.748327759,20.10705559,8.185429893,71.29318631,0
135.9609375,48.07585191,0.081544615,0.33842231,2.195652174,15.47136251,9.129480848,101.9920824,0
121.640625,49.2626466,-0.035142853,-0.227049455,3.702341137,20.18824523,7.286702198,62.13492001,0
147.3515625,52.02892673,0.102493225,-0.402243764,4.443143813,26.60718737,6.471484877,42.9617544,0
133.9765625,53.58076043,-0.183500907,-0.308464583,2.642976589,21.91208015,8.774787842,79.12277044,0
133.9140625,53.71859945,-0.045039016,-0.246828348,1.035117057,9.819803088,17.13996429,389.4817668,0
102.8046875,43.9506219,0.236803316,0.189692345,2.670568562,15.76234994,8.375935808,88.80154629,0
133.3515625,59.17302355,-0.202822854,-0.427053707,9.9590301,39.3679261,4.12709687,16.26319886,0
92.734375,42.86287809,0.459574566,0.87773778,1.56187291,15.24681066,11.36314774,143.2738469,0
29.4609375,45.86595659,3.272950909,10.5837557,50.40719064,59.84988676,1.423430575,1.427973973,1
105.0859375,43.59042816,0.337881842,0.767485927,2.246655518,12.83853407,9.953717198,145.6532476,0
96.9375,40.53735738,0.419405572,0.755829381,1.971571906,11.63696371,11.62911954,202.68664,0
127.0390625,54.52298861,-0.175486761,-0.300742034,8.382107023,35.60492968,4.620881885,21.28597614,0
39.1484375,30.32817632,4.004762208,23.3089483,37.52759197,71.31374746,1.780298706,1.807952045,1
118.59375,49.39500188,0.095034267,-0.202416603,11.76672241,42.42266144,3.527745341,11.2030614,0
115.96875,52.14537035,0.184216031,0.048558406,6.933946488,29.4410837,4.788197077,24.2856635,0
119.4609375,44.02731793,0.377516534,0.563373361,9.164715719,35.30891565,3.956541951,14.99217386,0
123.5546875,49.52931717,0.176383079,-0.166150492,0.795150502,12.56896733,17.4479603,316.4376395,0
111.609375,56.32096002,0.209302874,-0.462693978,3.801003344,20.42640429,6.677222739,51.25041891,0
113.2421875,45.09915224,0.144102916,0.383379531,0.533444816,8.80994337,23.1664194,612.9764788,0
136.0859375,48.68248969,0.109994355,-0.148004689,20.7090301,52.72613936,2.394526578,4.347367271,0
127.3359375,42.5867272,0.028070624,0.45927186,5.717391304,31.07476256,5.755802604,32.98770653,0
114.78125,45.58644561,0.463395921,0.40390872,1.58361204,15.42645295,11.74395471,152.4068557,0
126.34375,52.10812639,0.100115292,-0.400394589,1.58277592,13.51113764,12.39913309,185.0189968,0
131.65625,43.74400629,-0.313315252,0.867396967,10.78010033,40.51209785,3.870762606,14.25092679,0
103.1953125,52.5364544,0.218148762,-0.176853748,2.954013378,19.93665702,8.372087465,76.95096601,0
31.046875,38.36967784,4.319831721,19.14360469,107.0510033,65.75350423,0.149292422,-0.252814514,1
143.953125,52.57953193,-0.05156645,-0.356605353,156.4423077,80.57378377,-0.98934276,-0.395767322,0
94.1015625,43.62461315,0.430820774,0.784111213,3.309364548,18.12548085,7.650857388,71.61787308,0
15.6171875,42.25335066,4.038129399,15.77168727,101.5827759,63.54623843,0.334481081,-0.55237967,1
130.6875,46.80123362,-0.086492372,0.22312186,2.877090301,22.32462182,8.565836039,76.167596,0
116.5390625,52.48763282,0.36842886,-0.11318428,6.264214047,30.60805887,5.1337927,26.60323924,0
118.1875,50.03245041,0.126642354,-0.437521423,1.428093645,12.61882705,12.44954293,191.2483762,0
111.046875,35.79190275,0.232718727,1.551619282,2.760033445,19.49599328,8.339631366,77.68005331,0
121.8671875,50.26156134,0.101663708,-0.08782148,8.392976589,35.66212334,4.36482761,18.46770379,0
66.5234375,34.49025334,3.194011829,13.84465036,14.18478261,46.45021216,3.625585841,12.56844415,1
59.3515625,76.78445784,1.53630905,0.73669556,0.636287625,10.56698593,21.01723189,466.1354566,0
108.6640625,49.74391881,0.347348482,0.253027032,2.737458194,21.14663651,8.342794184,72.95006288,0
130.5546875,47.39969815,0.073458636,-0.180466469,4.203177258,25.13764163,6.262234218,39.68270422,0
116.984375,55.26286394,0.378384665,-0.367857694,3.9590301,21.02242378,7.149697865,59.94582667,0
93.890625,33.25357931,0.593680956,3.671255789,3.920568562,20.97098358,6.678065162,51.06169465,0
100.9921875,41.56799702,0.442637828,0.688227157,6.956521739,31.19503513,5.349154199,30.3863257,0
139.3828125,54.11289141,0.094638864,-0.465704314,1.111204013,10.20280184,16.20225693,344.3044406,0
96.015625,36.99513996,0.558331388,2.497014892,2.242474916,13.95213036,9.587714543,121.2229861,0
132.4765625,43.04248716,-0.00063905,0.267742351,0.93812709,13.10318649,16.77326368,298.847941,0
87.09375,35.79115583,0.646189666,3.026558098,2.272575251,15.72466749,9.427877661,107.3322567,0
88.4296875,42.62805773,0.669811744,1.575138149,1.157190635,12.88949847,13.38923587,203.732905,0
120.2109375,44.50502997,0.148079103,0.31409651,15.93143813,56.4453918,3.296034891,8.999550643,0
97.203125,33.45294255,0.666373873,2.979826177,15.53344482,48.61389466,3.063647212,8.10047095,0
112.6875,47.18427141,0.381858591,0.369978574,6.911371237,32.07368457,4.924387937,24.44189947,0
155.5078125,49.96342351,-0.327651834,-0.261570874,118.4414716,66.72811419,-1.139943092,-0.51691491,0
77.6015625,42.30476108,0.538832162,1.347517347,2.431438127,15.38223626,9.405835898,111.2104684,0
124.625,52.01051576,0.02766102,-0.479529812,3.058528428,19.02550442,9.083467732,93.95943534,0
115.09375,43.19314136,0.578850344,0.847138712,1.454849498,13.26872255,12.88219271,192.5781474,0
132.4296875,49.90125931,-0.046486962,-0.126026759,6.084448161,32.48336944,5.829736357,33.84319291,0
20.6328125,37.68078736,4.47160122,20.83194075,89.77257525,59.61187271,0.624629697,0.209515757,1
127.4609375,49.96856861,-0.038638408,-0.157026411,3.477424749,18.96521174,6.877248271,56.07008403,0
100.7421875,48.71172313,0.419603528,0.056188102,2.39632107,15.20088846,9.155708636,104.4631357,0
102.5,51.58669887,0.750566791,1.008369441,9.025919732,38.06237396,4.638705859,21.56844746,1
25.4453125,31.24995215,5.365693006,31.54724723,50.27759197,65.14055962,1.376166315,1.163678808,1
103.5390625,39.98923729,0.536291563,1.186277774,0.715719064,11.05849998,17.55307559,334.9613501,0
120.7265625,51.30845977,0.240640342,-0.43166154,1.428929766,13.85033955,12.1741101,169.2176401,0
107.4140625,38.07528056,0.327349864,1.114752056,0.761705686,12.09809011,16.70025145,290.5855103,0
117.7578125,45.46903928,0.098584353,0.242254814,6.189799331,31.22506919,5.465628117,30.42715343,0
162.0390625,67.43937119,-0.91177587,-0.229593131,0.807692308,10.85291483,21.27481427,483.2512698,0
109.0,45.99983016,0.360930807,0.508660825,0.984113712,10.03333483,17.17751267,374.5320786,0
83.234375,41.77590596,0.686326637,1.299614883,1.268394649,14.01632008,13.39420158,197.8315398,0
108.7578125,42.18073948,0.314228254,0.876331672,2.525083612,21.47142161,9.216294084,87.22370704,0
122.0859375,51.79482167,0.506425526,-0.173389957,2.47826087,17.91722968,9.028766623,91.43250993,0
129.8046875,53.11427224,-0.089417886,-0.271593782,2.872909699,22.06968066,8.242668451,70.97311113,0
136.546875,48.1158854,0.020635335,0.120447068,2.357859532,13.69070786,10.19840245,141.675704,0
133.5859375,47.82430857,0.039311837,0.117526269,2.953177258,18.48866095,9.481740531,106.1878856,0
111.6015625,52.43721541,0.391654905,-0.025640354,1.607859532,10.8093499,13.74983189,269.1027683,0
113.75,49.58389355,-0.132130058,-0.071902829,5.617892977,27.86296461,5.804865268,36.09474368,0
109.7890625,45.88924376,0.289412662,0.17782835,21.29180602,58.16319705,2.554704645,4.971900846,0
161.4609375,41.13865699,-0.269351284,0.959990789,11.91137124,40.20845147,3.521496866,11.5501968,0
96.1171875,38.7180556,0.701443413,1.594373719,2.464882943,15.35378564,8.519435385,93.0908862,0
133.4453125,46.04410396,-0.078512205,0.059991543,5.010033445,25.75547283,6.043061087,39.81698234,0
117.4921875,45.97502652,0.226034695,0.050631767,2.506688963,15.29670179,10.18848631,131.4623131,0
139.3984375,43.47293336,-0.006210416,0.129231187,3.45735786,18.32950053,7.349507734,65.86976595,0
123.03125,56.8580933,0.150860545,-0.690054788,7.865384615,34.78110392,4.843046637,23.5623141,0
121.046875,50.51652876,0.152307147,-0.031313502,4.891304348,24.77854878,5.931206495,38.60330893,0
96.296875,39.0225014,0.434789167,1.449524112,1.233277592,14.228778,12.58254231,169.4130981,0
22.046875,31.09633705,5.388688281,31.45966732,105.9832776,74.74201821,0.676139895,-0.831068872,1
110.953125,52.53627606,0.144112199,-0.42885561,3.43812709,17.94124612,7.673240149,73.7239509,0
122.1640625,43.46061028,0.176179954,0.567608462,1.752508361,12.49243057,10.83244094,163.8141962,0
14.6875,34.72227986,5.338868819,28.42242062,131.8971572,65.63078514,-0.028542707,-0.4674551,1
69.8671875,39.16977691,0.985054422,2.730608444,1.418896321,12.20296351,12.33979597,193.9716288,0
109.8515625,42.05466863,0.792593186,1.207236181,2.351170569,18.91541877,9.267976425,91.02932854,0
132.6875,51.63585691,0.25937063,0.17110092,4.462374582,24.69952044,6.713099746,49.69772158,0
15.4140625,43.69345048,4.383482162,18.59713382,134.4540134,73.19321152,-0.132138131,-1.187904822,1
117.9765625,50.13161815,0.011278921,-0.045344463,0.879598662,11.52192407,15.86199468,282.6389693,0
106.71875,47.85475053,0.224027232,-0.196070734,2.410535117,16.9474751,9.321815128,103.8139893,0
123.0859375,56.97587584,0.014074679,-0.546208648,0.973244147,10.84634025,16.35905825,319.4215486,0
124.71875,45.7721834,0.17904232,0.404754632,1.107859532,12.11673592,15.15195106,270.0765104,0
129.453125,53.31024459,-0.010399845,-0.311215514,1.037625418,13.19696767,14.48634932,225.9334843,0
129.0,48.97990659,0.027009378,-0.026444657,1.321070234,14.56776086,13.22013927,190.8566186,0
130.96875,51.62544454,0.108328429,-0.374559644,1.95735786,12.54819556,10.66968448,161.7667637,0
52.40625,40.19395117,2.189963826,6.49791972,109.9297659,106.7991743,0.030024886,-1.883764863,0
41.4296875,39.31934233,3.575827914,14.15120985,34.71237458,60.90250074,1.695998119,1.877171635,1
101.515625,51.95234962,0.306403334,-0.325313716,3.532608696,24.83281436,7.586212297,59.73719861,0
97.703125,41.93081343,0.642868531,1.391719023,2.168896321,15.31311663,10.3114094,126.9423229,0
54.4140625,32.63637908,3.140457942,15.94178552,91.65384615,75.6279105,0.207211623,-0.940666886,1
114.9296875,51.6098924,0.254314078,-0.252485956,4.122909699,22.32664418,6.899094616,54.67741174,0
129.640625,53.47162425,-0.130509736,-0.246101116,2.734113712,16.07958489,8.133500252,83.78165217,0
126.265625,56.29268996,-0.053491017,-0.552764717,2.370401338,16.51615486,9.247461335,99.99628675,0
116.2421875,43.46294149,0.139469374,0.413616633,4.884615385,28.72706409,6.351559827,40.7860029,0
112.0703125,47.32140497,0.132182671,-0.112148016,3.589464883,23.63977551,7.055996942,51.90987939,0
98.2890625,43.90226225,0.677655234,1.097664088,2.56270903,18.55986195,9.72517806,105.4423705,0
110.4609375,44.02873748,0.13161482,0.813956299,8.613712375,37.989674,4.50222677,19.38686789,0
131.2265625,47.35969655,0.134404248,0.038868974,3.584448161,20.54736902,7.736741924,69.18637873,0
97.0859375,51.29541088,0.327920382,-0.093807865,6.795150502,28.61070753,4.682471015,23.6831281,0
132.0859375,52.475147,-0.073625472,-0.233591825,3.774247492,25.15562011,7.27922989,54.86682719,0
132.2109375,55.35660704,-0.198547391,-0.742983306,2.592809365,15.68893636,9.339818535,107.1989502,0
115.2734375,36.68057108,0.018237879,1.05181646,8.202341137,38.67879728,4.776844657,21.82227639,0
110.0859375,47.11273503,0.223048248,-0.267773412,1.27006689,11.11748481,14.18738724,261.6699966,0
85.9296875,35.21123391,0.993431089,3.308576551,1.56187291,14.49906067,11.09831783,140.3527867,0
109.0546875,41.90601624,0.578179256,1.507019744,4.405518395,26.07800114,6.344100405,41.32379954,0
97.4140625,51.66244516,0.545172932,0.332646042,1.699832776,15.26820532,11.0081241,136.3731061,0
118.234375,69.81700236,0.083421016,-1.334542064,155.8160535,57.81721813,0.054344744,-1.26731626,0
127.890625,51.25979089,0.051091036,-0.405367663,2.027591973,13.22692632,10.28776023,142.5021766,0
150.3671875,49.64040553,-0.241779457,0.247881218,2.265050167,17.7415244,8.662577158,81.65679005,0
90.2890625,45.45553328,0.339920321,0.565797808,4.296822742,25.87281776,7.100010086,52.98463191,0
123.6015625,50.14624547,-0.073719616,-0.435999264,85.58277592,87.36533261,0.383744335,-1.387078508,0
131.6328125,47.65220206,0.143738108,-0.031566072,2.269230769,14.72368998,9.694674817,118.8556306,0
139.5078125,53.78763161,0.058464859,-0.541216061,2.489966555,20.94260511,9.085809435,85.94942092,0
126.0234375,55.42639613,-0.014760428,-0.382702593,55.66053512,73.97635988,0.610638423,-1.537511297,0
104.0078125,47.13635409,0.306489545,-0.166497601,1.524247492,12.08430174,12.06604007,192.2920862,0
109.3203125,46.30384258,0.323155158,0.156100704,2.732441472,19.14808471,8.560730986,81.05658223,0
112.09375,34.63479949,0.028593741,1.77459898,2.015886288,14.17422345,10.80055369,146.1378303,0
113.796875,52.29623543,0.212630278,-0.389973904,3.064381271,18.04083168,8.133347748,78.33941983,0
80.3671875,34.80523288,0.810718824,3.767736019,1.711538462,14.60515671,11.13932363,149.1712629,0
133.9765625,50.16994009,0.271682898,-0.184406374,3.191471572,20.95310804,7.913978685,68.72498219,0
143.78125,43.95895413,-0.265279171,0.34210998,5.822742475,27.84414371,5.951018305,38.37406076,0
111.1953125,49.63114864,0.413071459,0.134815754,3.334448161,21.40226719,7.914032583,69.14208019,0
92.1875,38.28322699,0.654425479,1.86456014,2.060200669,13.4716867,10.39325027,142.0092156,0
120.15625,44.71776728,0.123000693,0.142293985,7.389632107,33.33525898,4.909088385,23.9543531,0
120.25,51.25731655,0.220746465,0.120629198,2.010033445,11.91033529,11.38917517,190.8377343,0
70.8125,38.84740781,1.122574889,3.181763655,1.904682274,12.7646936,11.22964434,168.6175814,0
127.40625,55.55760489,-0.034440782,-0.470638942,1.605351171,14.68196075,11.86505091,160.4368508,0
120.0546875,49.05024665,0.051263399,0.040545712,1.216555184,15.09155205,13.90822152,202.5609051,0
101.6015625,46.34017221,0.234259468,0.470832283,1.217391304,13.97667306,13.0022483,183.2148366,0
138.2890625,53.97846103,-0.316593621,-0.148235665,61.30602007,73.97892449,0.561031551,-1.339561581,0
136.2109375,49.19471077,-0.122459239,-0.310580008,2.065217391,14.8355228,11.16543657,152.4346466,0
102.2578125,41.36352675,0.22884818,0.669608585,2.234949833,14.33448315,9.561480443,117.5372805,0
105.6796875,35.16499804,0.400312895,1.918578694,1.841137124,13.39600774,10.69135333,145.585032,0
116.046875,48.27830442,0.283056954,0.249100207,7.381270903,39.77131683,5.228639549,25.4883525,0
136.328125,52.59962413,-0.106398612,-0.374645552,1.837792642,12.86541252,11.3874702,167.1006533,0
137.09375,55.479506,-0.266391407,-0.370034248,2.203177258,14.77788809,10.63721251,136.7137084,0
89.1015625,38.04866125,0.724237174,1.845930149,6.730769231,31.82928055,5.266542918,28.34794869,0
124.9609375,55.26659852,0.021421253,-0.504309825,1.117056856,13.92771629,14.33780804,220.9467736,0
98.640625,41.00776115,0.43616086,0.827374108,1.197324415,11.00803262,14.56606146,273.2288525,0
106.140625,54.24780156,0.224795406,-0.373265484,4.696488294,27.02598194,6.231380912,40.30312317,0
111.78125,49.1416857,0.060100096,-0.07140241,2.544314381,18.47579659,8.529840791,81.07258939,0
153.3359375,62.3126288,-0.682830937,-0.544747975,0.830267559,9.063900996,21.8930547,559.369484,0
129.5078125,48.70350284,-0.219943145,-0.16163988,2.307692308,18.39129614,9.139239666,90.08390917,0
124.421875,41.38606525,0.249883793,0.58879449,3.769230769,22.39233452,7.21568268,57.81487641,0
116.5859375,43.77615778,0.167472169,0.596101965,3.350334448,18.72392747,7.294820322,65.08457516,0
155.3828125,51.96169279,-0.528291224,-0.078406709,4.243311037,26.10549405,6.474418089,42.54048999,0
110.609375,45.98356268,0.423026197,0.357396975,1.223244147,14.86863868,12.98632832,175.9961136,0
102.0625,49.17534793,0.323326037,-0.138127857,2.357859532,14.19179529,9.096706053,111.9193778,0
128.6953125,73.40071511,-0.040431407,-1.408701047,93.95317726,79.50859411,0.135484225,-1.430926889,0
101.4140625,44.19409027,0.534411049,0.641739366,1.826086957,16.75756271,11.53925555,146.2511556,0
100.0703125,48.70289128,0.652336114,0.358615628,13.90802676,48.35943914,3.468044065,10.7373052,0
104.2578125,53.03658026,0.413035237,-0.083820619,3.316889632,21.3262776,7.059217341,53.3114705,0
140.6953125,48.61416309,-0.092634768,-0.108943546,1.459866221,12.1132157,12.98716877,214.2545252,0
125.8984375,46.04461828,0.146280575,0.108788206,4.081103679,23.38708611,6.805168067,50.20283154,0
8.375,33.25187965,6.143548189,38.72489612,113.8687291,66.35820746,0.254297556,-1.026766473,1
57.4453125,35.75061376,2.875335669,12.16126995,3.996655518,27.60310539,7.373036537,54.98270763,1
135.1640625,58.90959405,0.073308007,-0.642090427,4.811036789,29.59827594,7.05009709,50.65739431,0
133.921875,51.52572315,-0.225164834,-0.168088656,4.22826087,25.19151867,6.521600551,44.15394082,0
136.1484375,48.97369987,-0.021896716,0.151379148,1.41638796,15.25964355,13.04600378,184.8092911,0
141.1796875,46.46679486,-0.408218512,0.093290984,4.538461538,27.62540925,6.468560084,42.43298826,0
118.3125,40.69853921,0.354938062,0.980677689,1.720735786,14.60009638,11.7259179,168.6518039,0
130.3359375,50.01550968,0.093184385,-0.26789413,5.830267559,24.46187643,5.240569405,31.12963309,0
111.8984375,46.32676734,0.059808041,0.048164933,2.406354515,15.8034148,8.763743812,94.21739714,0
112.0703125,50.6373725,0.258507695,-0.171815932,2.569397993,15.63529901,8.417976609,88.7492254,0
90.484375,39.6644095,0.602696596,1.557527037,2.097826087,19.72616792,10.0557555,104.7429697,0
92.9375,37.08978759,0.64073312,1.613604396,2.493311037,18.32411981,9.263298677,95.53395626,0
103.6953125,40.70176566,0.603035265,1.710278075,2.059364548,13.22884457,10.4905578,150.6423734,0
110.1953125,47.76489601,0.267874643,0.367748029,12.90551839,41.75890672,3.390355978,10.96389483,0
130.6171875,40.3541202,0.263368745,1.185816416,3.859531773,23.84594511,6.667953755,46.8019528,0
90.1484375,40.78604423,0.457138562,0.885516215,5.35451505,29.75951108,6.102230523,37.97951996,0
71.9375,38.1859656,1.911070577,5.521995558,14.90719064,45.99168074,3.295937555,10.25347973,1
121.34375,50.99194751,0.537129178,-0.159581261,2.954013378,15.87188652,7.737467406,78.70738141,0
139.2578125,52.00334215,0.088801747,-0.398664735,2.134615385,18.31139344,9.597763259,98.2654565,1
100.171875,51.75575291,0.428539831,0.081270457,3.240802676,23.76703137,8.097737553,68.18139742,0
105.4375,44.47238434,0.482972647,0.875024656,4.384615385,27.68357815,6.689029157,45.30050849,0
111.5703125,46.96685726,0.227314486,-0.05074259,1.265886288,12.11598933,12.83762425,204.6507178,0
153.46875,45.12862477,-0.195219346,0.328516014,2.254180602,13.34243893,10.56707997,153.9401867,0
118.1484375,55.53448954,0.082624868,-0.486283072,4.150501672,21.60911701,6.533587549,48.14067052,0
146.140625,48.22922713,-0.294488271,-0.05800047,8.12458194,35.90302385,4.730679456,22.19694929,0
109.1953125,53.77631022,0.396131863,-0.226650355,1.127926421,10.68261439,15.5276428,304.8299047,0
110.0703125,50.359052,0.178870706,-0.073289864,1.653846154,15.19633747,11.41016172,144.7708051,0
133.8203125,43.47816147,0.136691092,0.353121231,0.982441472,9.486067555,18.52839452,444.411748,0
92.7109375,50.13141361,1.128727696,1.43453526,11.52090301,39.2643949,3.568839975,12.3431203,1
65.3671875,37.17796539,1.129306303,4.051607595,1.882107023,16.72326342,9.958337539,108.397374,0
125.5,46.5639681,0.202991542,0.007243326,0.714882943,8.404876704,24.27381059,703.8862195,0
62.6875,39.51161815,2.462231663,9.16285605,19.43645485,51.97462214,3.016442347,8.641373497,1
140.546875,64.25132044,-0.17707974,-1.10112952,2.182274247,15.75831957,10.96043812,141.341985,0
136.9921875,48.92795981,-0.058273844,0.073257904,3.14548495,18.90144934,7.797219497,72.35171105,0
162.15625,47.83899389,-0.473335434,0.331798919,4.918060201,23.66901736,6.157715418,42.992849,0
124.296875,39.68830892,0.223238873,0.964167352,3.634615385,19.57041414,7.496235592,68.54564556,0
88.109375,37.56873583,0.526251515,2.158535923,1.239130435,12.77485801,13.97513887,224.7608254,0
129.8828125,51.83999136,0.135180886,-0.274209522,4.779264214,27.18424265,6.395680872,42.69873899,0
109.3671875,44.60326346,0.381444456,0.489801644,13.20986622,43.78915662,3.463896194,11.24478549,0
121.96875,49.30294386,0.058052469,-0.038008214,7.129598662,29.2136478,4.849580196,25.62997572,0
141.078125,52.43159373,-0.17672512,-0.382898792,2.673076923,20.75254695,8.229693871,69.67419182,0
119.296875,58.68511835,0.060716049,-0.668449972,37.01588629,65.15636388,1.517861659,0.94881451,0
31.0390625,42.81617728,3.486639541,12.31109378,62.26003344,67.15053305,0.962186077,0.008609376,1
80.421875,36.8026004,0.805417077,2.756194345,3.025083612,16.08353111,7.691275286,78.07839338,0
104.109375,57.13487803,0.080223889,-0.606016732,5.048494983,26.53352122,5.805342291,35.26853093,0
92.640625,42.67532483,0.414992216,0.673645315,2.130434783,13.24504237,9.903123142,135.8578215,0
134.0546875,42.52082368,-0.44919097,0.807616804,2.66722408,19.69583838,9.074480484,89.40957529,0
109.921875,45.24872398,0.31794546,0.338229521,2.33277592,13.81142574,9.466059553,122.4004996,0
98.8125,41.04489729,0.608383032,1.332003818,5.149665552,24.56596828,5.509803186,32.59624456,0
113.3046875,46.78133285,-0.079026207,0.269834853,2.007525084,14.10302905,11.00267747,152.9114741,0
113.5625,49.29229624,-0.089233459,-0.378080331,1.900501672,14.44899806,9.927803007,120.2876363,0
98.09375,45.02801862,0.701252502,1.276271362,2.549331104,20.20716473,8.859938231,82.98623672,0
136.4609375,42.44792809,-0.260856164,0.128375425,2.789297659,16.22008187,8.595853598,92.58924632,0
129.625,50.09880862,-0.089990249,-0.151129159,2.838628763,14.53043903,8.26849383,97.58767882,0
120.3359375,49.548631,-0.016549504,-0.284695726,18.01923077,49.62013358,2.657635694,5.65003724,0
113.6484375,44.83417186,0.264485581,-0.036584976,19.98244147,57.81442049,2.700784068,5.673973888,1
120.2578125,49.03159793,0.108828925,0.229552243,18.59698997,48.79298764,2.561207574,5.402007234,0
112.6875,47.69216884,0.24710833,-0.183822447,1.807692308,12.05706087,11.56281075,188.1888513,0
109.640625,49.01765217,0.13763583,-0.256699775,1.508361204,12.07290134,13.36792556,223.4384192,0
42.921875,37.74598683,3.536086868,14.79670659,73.37207358,68.73610183,0.768769532,-0.052172988,1
125.9765625,55.05699672,-0.032068378,-0.182868426,3.589464883,24.81158813,7.391080376,55.98566513,0
116.5234375,45.33141241,0.137854934,0.420377185,0.856187291,12.44174601,16.17876367,276.3759874,0
111.1171875,41.51799706,0.468714872,0.441924482,3.367056856,20.92988498,7.427084615,61.19071416,0
89.1484375,57.35322161,1.344685463,1.19488873,20.88712375,57.08814813,2.596657076,5.315686965,0
113.0703125,55.56853645,0.30338693,-0.321187389,2.828595318,22.07405941,8.823855567,81.56462232,0
92.078125,35.49088998,0.730128424,2.575286382,55.75167224,88.54947433,0.973260793,-1.017572027,0
128.0703125,52.41677683,0.178372895,-0.463288549,5.357859532,30.35322759,6.033775681,36.5997542,0
117.0546875,51.32194776,0.068318544,-0.298675376,1.815217391,15.6863105,10.24008635,118.0288119,0
100.890625,51.89039446,0.627486528,-0.026497802,3.883779264,23.04526673,6.953167635,52.27944038,0
97.0,53.16762995,0.382614221,-0.221310089,115.4381271,108.0780191,-0.109231691,-1.946039119,0
110.4453125,55.25237673,0.114259683,-0.599198324,5.388795987,28.04186744,5.57057046,31.69249498,0
83.546875,38.49286853,0.418285401,2.097921018,2.448996656,14.87967034,9.155079075,109.0529691,0
129.125,54.51676921,0.020822488,-0.440525079,7.420568562,34.31186225,4.829376097,23.02611768,0
134.3125,49.22790589,0.176463691,-0.139318439,2.419732441,15.15685255,8.628962742,95.68727874,0
66.90625,44.57217418,2.491686945,6.426508686,20.9632107,53.43976058,2.621427166,6.054930195,1
136.609375,49.17447165,0.134794533,-0.155324793,8.107859532,34.71456816,4.660334543,21.83535806,0
115.9609375,49.69790022,0.119668227,0.128877489,1.536789298,15.57722646,12.19897197,163.5490188,0
112.375,46.26790194,0.158276702,0.432606807,6.440635452,28.65827355,5.003623577,26.44616323,0
96.4296875,43.7329759,0.545697751,0.602565393,1.015050167,10.44966151,15.59347935,316.0115411,0
140.28125,53.34556236,-0.104322496,-0.461195229,3.762541806,18.56383189,6.49769277,52.16079543,0
134.96875,47.58937931,0.080343463,-0.25383951,1.158862876,11.99818186,14.08522597,234.8316145,0
117.8671875,45.23953109,0.114129934,0.366840446,1.899665552,12.54376819,10.96417301,165.8360226,0
138.1015625,51.1953733,-0.126696823,-0.588314825,2.390468227,16.01537335,8.832967267,94.36025573,0
128.03125,41.31527742,0.106093251,0.874093001,1.715719064,13.37375458,11.01427549,151.9156302,0
128.9375,49.1540547,0.012017385,-0.153749247,2.491638796,16.11323114,9.400106708,106.2606955,0
90.875,38.97535279,0.815387531,1.769105129,1.762541806,12.34721212,11.14093927,171.7644898,0
125.9453125,55.42750172,-0.109594726,-0.452092769,3.973244147,26.26398566,7.279112723,55.02146266,0
96.2109375,42.77076476,0.375571927,0.406184684,3.190635452,21.5416788,7.951659375,69.14823456,0
122.0234375,51.05488236,-0.09476055,-0.218676426,111.1755853,71.24424008,-0.292182205,-1.07284524,0
93.4296875,39.88316601,0.602060336,1.518547854,2.475752508,14.1465779,8.770640369,107.9701728,0
114.28125,41.25396525,0.41182113,0.616996141,2.412207358,20.42794216,9.198391753,88.37057957,0
108.59375,42.48316532,0.35293546,0.318186029,2.913043478,22.36245503,8.257321424,70.22832855,0
139.078125,55.18740931,-0.185357187,-0.265128813,6.127090301,29.51963071,5.160762183,27.07749261,0
139.3046875,41.68193527,-0.164699289,0.462717855,1.086120401,10.17087,16.4452854,351.3290111,0
109.75,49.05449776,0.169987122,-0.136291433,2.602006689,16.22852466,10.03224745,123.2607536,0
124.0078125,56.24465198,0.101976721,-0.294838527,2.107859532,17.44688754,9.376657718,96.76738781,0
90.0703125,46.31316356,1.409969609,3.038750015,3.030936455,17.28687362,8.303035615,82.62758841,1
135.0078125,43.6154173,-0.010089693,0.189328246,2.131270903,18.23816771,9.878744128,105.6897145,0
91.6796875,39.71400367,0.563702911,1.234183818,10.00167224,36.94629109,3.713364594,12.86906208,0
123.5703125,41.37833891,0.216713166,0.332181738,3.331939799,20.93274826,7.262641279,57.14142245,0
89.71875,40.07491763,0.626594595,1.336683317,11.2583612,49.04440659,4.137390835,15.1676587,0
113.8671875,52.27636462,0.23481997,-0.028934695,2.474916388,14.94584,8.976673477,103.8030694,0
104.5234375,45.05846286,0.524760832,0.787176854,2.427257525,16.33237217,8.901441717,96.37939953,0
121.6171875,52.17071154,0.15549113,-0.31529032,2.565217391,16.90243281,8.363192828,82.62589265,0
85.265625,36.92887682,0.853498345,2.637092602,1.586956522,10.99817393,13.25188323,252.1944772,0
112.5390625,42.10587517,0.345054075,0.768922856,2.617056856,14.57510282,8.611910393,101.0743835,0
109.5,53.30645482,0.287537807,-0.521528792,1.425585284,16.70890799,12.60753767,165.1344429,0
109.171875,45.45947876,0.827180742,1.201264906,5.035953177,25.47720888,5.592142921,33.06498564,0
139.375,55.16962479,0.000692682,-0.593557747,1.314381271,12.66370372,12.86805672,197.30212,0
114.953125,45.22994365,0.034161521,0.241036336,4.131270903,23.79543516,6.799094439,50.72692491,0
147.4140625,44.64347085,-0.402495392,0.199011663,1.869565217,14.00709484,12.16542457,181.9510968,0
46.5703125,38.00199082,3.909548891,16.57935452,48.40384615,66.27613981,1.453978586,1.245745057,1
121.7734375,53.42813731,0.198331293,-0.310435103,6.926421405,30.52877809,5.103384105,27.58597695,0
90.546875,45.14297761,0.915527516,1.601072493,4.857023411,28.3993345,6.132705861,37.81336047,1
101.9140625,46.82781414,0.61029187,0.635331228,2.184782609,17.7890877,9.623519334,102.153149,0
106.421875,46.65625785,0.146648914,-0.059214847,1.295986622,10.78782994,14.38162948,279.4840572,0
111.6796875,48.30614182,0.312550357,0.085359683,9.002508361,34.23027216,3.976067868,15.45254691,0
104.4921875,45.91500233,0.281946589,0.38040723,3.02173913,18.41316589,7.240999908,61.25621005,0
108.8046875,49.3740599,0.442786844,0.203601241,3.658026756,23.457268,7.679497398,64.2001872,0
106.3046875,44.14757896,0.712812797,0.810930966,1.655518395,13.8478375,11.21633612,149.497783,0
101.96875,50.24159406,0.407094877,-0.000108117,0.898829431,10.28306553,16.771638,347.5701223,0
120.2109375,47.98659519,0.159222202,0.029729127,1.988294314,13.62192054,10.09719447,133.6123977,0
110.4765625,41.20716807,0.178067375,1.183747726,2.25083612,14.85686302,9.857281719,120.2574838,0
108.7265625,47.63266258,0.282701184,0.171056616,2.347826087,14.16338325,10.35657325,137.7330853,0
38.6953125,36.36051228,4.360465712,21.15771157,15.3687291,44.45130354,3.359132223,11.35930965,1
131.671875,51.73793781,-0.036489976,-0.227124005,2.907190635,19.43892541,8.791942089,86.47828203,0
130.2890625,43.69374103,0.030770544,0.354923373,2.001672241,12.89155944,10.29282827,149.0503549,0
71.640625,36.98537177,0.970591804,3.352492831,1.642140468,12.96234694,11.1029436,158.4457684,0
125.6796875,51.03750667,-0.244517947,-0.227389747,1.857023411,12.00802933,11.21595834,182.9824382,0
131.2109375,53.13979975,0.210947674,-0.41093587,6.445652174,28.92539515,4.926029666,24.94549564,0
115.1875,42.85873416,0.316183033,0.371696871,1.693143813,13.27646545,11.70295545,170.6721978,0
97.9453125,43.38171933,0.507228716,1.133683571,98.51003344,87.27146399,-0.052706793,-1.700517497,0
105.640625,43.46060256,0.143628579,0.399188046,2.515886288,20.36819727,9.274791502,89.48184221,0
103.4921875,51.45279938,0.53135796,0.219325132,1.661371237,15.00255985,10.51573654,125.5837732,0
113.578125,50.90533638,0.030942863,-0.389722834,2.467391304,15.02076957,9.544991704,113.4130142,0
64.453125,46.45290952,2.723048039,7.110333502,97.77090301,64.29911048,1.093908067,-0.047664164,1
106.9453125,47.52849616,0.252378802,-0.128819836,3.007525084,18.14745742,8.374173873,86.59949321,0
40.5546875,40.01460839,3.033998646,9.926777558,44.159699,69.28682628,1.476029077,1.047497277,1
47.484375,36.88452936,3.298800061,12.12951179,24.3812709,55.06566573,2.495798577,5.598441147,1
114.265625,49.28702358,0.239920302,0.013290563,3.66722408,22.03804014,7.02349461,53.92580299,0
122.734375,47.36419474,0.000848328,0.498118986,2.107859532,14.10522704,10.18625945,130.8956136,0
148.734375,46.17146785,-0.145787361,-0.05847781,0.670568562,9.782509647,19.40777182,436.4494061,0
95.1796875,48.25994612,0.338509571,-0.002833638,2.315217391,19.14952087,9.836994978,104.1065928,0
128.359375,50.787353,0.027094931,-0.296065418,20.26505017,49.82097531,2.2788705,3.898883389,0
125.6953125,45.11972937,0.164893801,-0.122253431,3.992474916,26.78214682,7.17667414,52.05173451,0
137.640625,48.98991197,0.009318116,-0.008179882,4.815217391,26.59331024,6.438611944,44.04976076,0
112.6015625,43.07140507,0.188716172,0.46137575,2.287625418,14.59374771,9.34508143,112.489229,0
81.96875,39.96774823,0.663712187,1.73722187,1.977424749,12.16567594,10.97705112,175.2048381,0
121.3515625,41.42549597,0.004553017,0.732426147,2.602006689,15.03064192,8.807736675,102.0958197,0
110.5234375,43.85611503,0.265675751,0.381781209,2.911371237,19.17352998,8.555304146,84.62921125,0
143.1328125,48.8462785,-0.150153313,-0.438723684,4.153010033,22.2716018,7.111525664,55.91696305,0
110.2734375,53.6830564,0.304357585,-0.247350867,2.367892977,13.93421378,9.770597275,128.5513352,0
111.015625,44.68238334,0.077302166,0.053498516,2.589464883,20.08825484,9.288042804,92.71740185,0
115.4453125,55.96731867,-0.016112673,-0.399577412,8.755016722,36.51079031,4.305626138,18.08493936,0
87.03125,40.71987719,0.597317678,1.285554079,3.547658863,19.00942126,6.915202039,57.16083048,0
87.6875,48.11099634,0.795583022,0.707279599,60.54347826,83.01059055,0.989217856,-0.533603355,1
99.3828125,51.61669441,0.484423623,0.116986124,2.753344482,16.34663795,8.743636423,94.4380795,0
102.0703125,42.89470822,0.280225149,0.635869947,2.9590301,18.21203139,8.598819639,88.98838308,0
97.4453125,43.20188953,0.1336016,0.503881706,13.65133779,47.183106,3.431530497,10.55317262,0
88.3671875,49.21665608,0.956116291,1.374367647,1.773411371,13.82770214,10.70320113,143.8773783,0
83.8125,40.59012927,0.611750363,1.617375621,1.977424749,14.7608129,10.64449998,134.2461138,0
113.734375,45.07172832,0.139871014,-0.162639829,8.882943144,38.50643446,4.61479067,20.54761691,0
115.9375,56.07065158,0.313659407,-0.486637088,2.35451505,17.22344026,10.3186474,119.782115,0
101.96875,43.65309581,0.302174201,0.293891158,3.85367893,21.11173083,8.275071697,80.74229483,0
148.703125,47.88125928,-0.441729751,0.243384146,2.715719064,19.51475183,8.050227644,69.69123043,0
128.234375,56.10042396,0.154692986,-0.516882748,21.17725753,56.48187934,2.560545281,5.178061792,0
115.4609375,47.74671166,0.655887086,0.520563017,1.93645485,14.55652029,11.10291817,148.3476705,0
91.84375,40.69003208,0.41715822,1.612388111,3.301839465,18.84117822,7.73764404,70.66591673,0
113.0078125,47.79913965,0.128610854,0.162648201,1.494147157,14.15209307,12.46419723,182.4121887,0
110.6796875,46.38021089,0.207012888,0.019371748,1.215719064,14.18170263,13.85248073,205.4037441,0
80.953125,40.36587733,0.474997384,1.631628987,1.938963211,13.3869147,10.87155002,151.3384982,0
96.328125,45.18004077,0.475082126,0.671795393,0.430602007,9.558009825,23.93016993,587.4674714,0
160.171875,55.66839731,-0.851336358,0.382979188,103.798495,105.6636712,0.105753384,-1.890237611,0
62.9609375,33.97733674,2.622388619,11.01241526,48.86705686,65.57206369,1.432434525,1.130669269,1
122.0390625,48.92187687,0.085125058,-0.008020592,1.689799331,13.09605354,11.09942275,157.785141,0
148.3203125,51.81531711,-0.341429395,0.126373096,5.897993311,32.70852265,5.426648725,27.86195534,0
64.203125,48.01112491,2.348346315,5.995983453,101.0292642,70.70657475,0.348987541,-0.711533353,1
98.390625,48.1907399,0.301318214,-0.038153401,1.7909699,16.39575722,10.72822455,126.642323,0
122.546875,56.70356847,0.067254969,-0.60977995,2.225752508,16.7402207,10.04901714,115.4200251,0
125.171875,44.44872562,0.030517331,0.112571346,5.502508361,23.78089423,5.161635697,29.79512519,0
57.5625,42.76091783,3.035312878,10.82423847,18.45568562,48.07265832,2.88862751,7.919922181,1
120.9453125,50.17458716,0.264484176,-0.203256018,3.450668896,21.02117282,7.56772339,64.12064805,0
99.546875,37.34464892,0.244390411,1.579904691,2.152173913,13.73081831,9.600386824,124.615189,0
118.2890625,47.58481775,0.448618083,0.079526711,2.710702341,18.19427634,8.272507038,78.03820218,0
140.578125,51.35714553,-0.286057037,-0.001527654,2.011705686,18.6950496,10.22315221,110.0869707,0
112.765625,42.96300814,0.247949296,0.36218709,1.368729097,14.16772412,11.98182814,160.7371415,0
133.921875,60.35281805,-0.141441818,-0.929852294,179.2458194,48.15338968,-1.437906902,1.360538949,0
34.3828125,28.03990491,5.820933509,40.23854564,52.80518395,74.92169607,1.308382574,0.520161698,1
99.6796875,51.60788663,0.36994737,-0.314999578,1.244147157,12.47508249,13.06534094,207.4291893,0
102.5546875,34.97226772,0.557581179,2.649237927,9.404682274,36.27514851,4.228340539,17.41977877,0
85.03125,37.43785215,0.625476594,2.297355146,3.298494983,16.1689046,7.006534117,67.74778291,0
101.8359375,46.90112228,0.373374189,0.047857498,1.688963211,15.86197506,12.41406506,170.6224071,0
36.4296875,30.16767817,4.839073399,30.31634386,23.12876254,53.4283987,2.571287338,6.062639089,1
97.3515625,42.37105252,0.3495078,0.732459616,5.209866221,29.68601469,5.86606949,33.74981263,0
132.0546875,45.45848185,-0.185707853,-0.01425059,2.697324415,14.70468583,8.163539989,93.45994817,0
112.71875,50.65615361,-0.018665361,-0.194670933,3.397993311,23.41805172,7.422643976,57.07679546,1
111.5546875,40.33760044,0.150544159,0.986710843,2.360367893,19.85591244,9.509216634,95.72513427,0
143.140625,50.0066768,-0.192430301,-0.28980496,3.612040134,23.33294688,7.36255603,57.53989903,0
87.9609375,38.95458139,0.813261174,1.824079461,1.475752508,16.76500717,12.00713622,149.0177433,0
117.984375,48.97814952,0.11490635,-0.035642349,3.50083612,19.6608153,7.133255327,58.94444935,0
131.7109375,46.80480617,-0.127319051,-0.172902127,5.183110368,30.45451264,6.267818568,39.61667806,0
16.0546875,38.06004889,4.992567838,25.49145159,125.7558528,65.50638043,0.214241034,-0.945326427,1
139.4453125,53.82912905,-0.21546245,-0.450938067,153.9598662,89.57815515,-0.868429139,-0.895788613,0
151.609375,50.19528028,-0.352966276,-0.26863383,5.915551839,30.19059399,5.836690022,34.97496404,0
129.0,56.41088104,0.104695682,-0.434244844,7.118729097,26.94580124,4.381993438,20.83180797,0
124.625,51.05664746,0.042600878,-0.241538637,2.02090301,16.19257224,10.17784925,117.5011098,0
116.53125,51.08891414,0.176184448,-0.42634173,4.45819398,24.77016272,7.305658086,57.60809094,0
141.9609375,54.03635963,0.02887295,-0.642836201,1.428929766,13.66154917,11.9574357,166.9981153,0
100.28125,47.89163182,0.183797176,-0.19014312,0.913879599,9.924385089,17.37353171,383.9338901,0
85.078125,45.13012599,0.71257925,0.814139581,2.144648829,13.43558819,10.03552048,137.1517909,0
111.4765625,41.21380322,0.179547117,0.452002598,6.881270903,31.91113209,5.173666162,26.98348446,0
113.0,63.78883621,0.06233186,-1.119128801,92.659699,98.89757927,0.390770039,-1.602621768,0
86.1015625,48.07559799,1.41847599,2.924549748,23.45150502,61.99321753,2.591523524,5.33872771,1
120.6953125,45.9854866,-0.070474022,-0.193124026,5.254180602,28.57909767,5.998782859,37.29553397,0
103.03125,40.96033476,0.366412221,0.716351484,2.517558528,14.959327,8.73520405,100.6505895,0
121.6484375,50.55745337,-0.032036229,-0.183123707,2.836120401,17.65769559,9.076068895,96.24729568,0
106.734375,48.19483316,0.219808255,-0.309230357,1.716555184,14.44447656,12.55192723,185.0169301,0
29.3828125,30.9240807,4.950562272,29.03620102,47.93478261,76.42785148,1.427907483,0.681617674,1
104.2421875,52.37898942,0.206327465,-0.257105287,2.467391304,17.49413968,8.283748482,78.06669718,0
125.3046875,48.35053622,-0.076568189,-0.359415022,2.970735786,15.40973218,7.500245047,78.67586054,0
90.3046875,36.06473316,0.68446409,2.432726486,2.20735786,12.8798985,10.1433209,147.5458625,0
141.9453125,43.29825859,-0.181505164,0.310312024,4.08361204,22.25888344,6.221585399,42.02718805,0
116.109375,51.2154204,0.301822235,-0.067028749,2.752508361,16.96984199,8.873645809,93.28302778,0
117.0390625,52.82967951,-0.005206325,-0.344231498,1.622909699,12.7326816,11.95015945,179.9328491,0
76.21875,46.77571778,1.13390683,1.858365377,50.63545151,77.10642353,1.185710659,-0.176323017,1
120.515625,45.90189681,0.479570299,0.180521411,2.849498328,15.82172075,8.22630334,88.44532718,0
144.6875,44.69912436,-0.325563763,0.481571235,1.829431438,11.43423847,11.97128714,214.3822,0
111.2734375,53.48140957,0.095673538,-0.252755393,62.659699,76.93656172,0.447928189,-1.712560343,0
131.0234375,42.29444128,0.404481199,0.589200373,2.392976589,15.31850535,9.09854446,103.3590514,0
111.609375,50.09962487,0.059653678,-0.10979608,2.644648829,20.59706557,8.61996355,78.614817,0
132.90625,57.08251121,-0.10048839,-0.765209246,19.61036789,59.18921555,2.828013848,6.353866675,0
77.0234375,44.50675244,1.268602281,2.605826138,7.808528428,36.83023007,5.181513792,26.51027772,1
144.40625,57.57053249,-0.135262855,-0.515890491,10.16889632,42.51163408,4.560107907,19.9702367,0
119.421875,56.80113464,0.131503347,-0.478205347,2.752508361,22.53975942,8.827642193,79.91331899,0
120.265625,48.16110405,0.392295126,0.110808867,1.313545151,11.98471088,13.10738054,211.8084809,0
88.0859375,38.40146224,0.660296117,1.622869543,1.204013378,13.8236692,13.03872101,185.6104876,0
117.1484375,45.19680745,0.031669572,-0.000657034,3.638795987,20.31902662,6.521712429,48.29588741,0
132.640625,50.93235931,0.067178685,-0.221266104,1.933110368,13.40177473,10.46240191,144.6478399,0
110.7109375,42.97531129,0.312455929,0.521847232,3.073578595,19.63559164,7.46504985,61.47257794,0
107.4296875,41.47602538,0.153502121,0.587693049,2.829431438,19.25904218,8.419240731,79.58747289,0
108.0703125,37.92657042,0.620153085,1.82553388,1.307692308,14.94971418,12.35387217,161.71562,0
117.1875,50.05446253,0.368678738,-0.262712626,2.205685619,15.25380048,10.52590423,132.3036694,0
110.0703125,46.93382702,0.357408573,0.030862018,2.70735786,16.62802705,9.349768579,106.6566977,0
114.8125,49.6079552,0.35329708,-0.00965608,2.612876254,18.3128188,10.16489085,117.4737252,0
82.671875,38.31410261,1.479826227,4.046876263,99.409699,91.35474813,0.217772793,-1.535622078,1
115.484375,47.3010611,0.254101086,-0.031269284,1.647993311,11.46956148,12.55891882,221.3514084,0
103.515625,51.82844061,0.612172007,0.218716243,111.0877926,94.91684348,-0.158170386,-1.752910472,0
109.296875,40.66600995,0.465677733,1.409594888,2.527591973,19.62759664,8.783184281,83.6443113,0
115.5546875,42.52312029,-0.105663082,0.482593127,1.989130435,18.81410688,10.55263169,117.0869415,0
141.5625,52.45976881,-0.368956326,-0.515155719,0.767558528,12.44141392,18.16535793,341.5284873,0
134.3984375,59.97178241,-0.311284144,-0.646057788,168.7366221,80.0180061,-1.140585509,-0.007846472,0
144.2265625,50.70028582,0.016754755,-0.500284235,1.822742475,11.99576365,11.81976185,193.4587445,0
150.984375,43.86199672,-0.022557584,0.333709395,1.658862876,16.69369977,12.09101439,158.49932,0
105.8515625,54.824021,0.37323576,-0.173338454,2.808528428,19.62404063,8.104637584,71.59989208,0
146.2265625,59.37700192,-0.631767987,-0.318079031,133.8043478,71.88132533,-0.115862086,-1.412549149,0
132.03125,43.37534897,0.14504841,0.416096496,31.36705686,63.07553643,1.834521145,1.981333292,0
13.796875,31.31701798,6.099613976,38.47727791,68.7541806,68.01215788,0.721158338,-0.354039516,1
130.8828125,52.24859763,-0.080306594,-0.558726642,53.26254181,81.48426383,1.137613402,-0.354459296,0
73.984375,37.10521029,2.376438269,9.123434695,9.043478261,38.01838733,4.782036575,22.81484998,1
129.578125,47.81239532,-0.000321099,-0.005414777,0.688963211,11.1115616,18.70453222,374.6457673,0
119.84375,44.7870722,0.121752316,0.253787505,6.699832776,32.61059444,5.172561838,26.92770145,0
141.140625,53.90149209,-0.323419544,-0.076720581,117.5994983,73.84700785,-0.891025068,-1.024357737,0
136.40625,46.81570208,-0.095745188,-0.204544116,2.321070234,15.73209842,9.377642581,105.4524769,0
94.4140625,51.72244546,0.373860186,-0.167484869,1.994147157,19.3049147,10.19826951,106.342421,0
132.7890625,46.87477539,-0.05192369,-0.329130575,3.974916388,19.7296368,6.858409769,55.80626898,0
145.75,45.93252524,-0.355634816,0.58248497,2.136287625,15.00269722,9.330183466,107.372533,0
110.8984375,41.21965548,0.044304896,0.60050666,0.587792642,9.884863169,21.88025993,513.1793624,0
125.90625,41.62451905,0.131428973,0.511774722,1.908862876,13.87121445,9.96077242,126.9070286,0
123.1171875,47.0866258,0.267370473,0.279390617,2.595317726,21.57378515,9.028563289,84.82451674,0
124.53125,48.32667766,0.181087344,0.226946627,6.738294314,30.96962972,4.941469217,24.87506911,0
93.890625,40.40251276,0.238312828,0.86074964,5.781772575,36.0777686,6.09131989,35.1800352,0
110.8203125,37.4673678,0.211653419,1.138414087,5.412207358,25.91547525,5.68669672,35.83248481,0
101.71875,49.82515327,0.335461961,-0.02821343,2.073578595,19.69617735,10.13774768,105.4743591,0
85.1796875,40.47152425,0.756617028,1.511022836,3.071070234,19.19633115,8.102621064,74.65604343,0
110.28125,53.67275518,0.245709712,-0.294471932,6.325250836,31.54678107,5.498578606,31.0422425,0
118.578125,49.49457189,0.371852646,0.022198334,1.510033445,11.11617278,13.51394943,250.9261996,0
135.6171875,50.71013229,0.118670735,-0.25104022,1.47993311,16.03065934,11.53907321,139.2826352,0
114.8984375,47.9018919,0.375794335,0.386854184,1.593645485,17.16189174,11.76046975,144.2552351,0
51.0703125,49.34574823,2.509115646,6.156814519,103.0635452,77.65851827,0.088468245,-1.002333705,1
92.953125,35.13764438,1.286211071,4.99227648,8.152173913,36.17957701,4.672915319,21.75470897,1
98.6171875,44.17775195,0.310364655,0.478924989,3.31187291,23.16352858,8.045018503,67.99126599,0
121.7890625,41.95191674,0.104261273,0.651242035,2.913879599,16.38015485,7.202757383,68.05826017,0
76.671875,50.07230855,1.797571445,3.100705383,1.289297659,11.07083845,16.43405227,314.1971868,1
126.8046875,54.09858746,0.028724348,-0.464833867,5.433946488,27.74799673,5.675700822,33.32215494,0
123.7890625,48.94043771,0.016374369,-0.103633013,1.823578595,12.46284696,11.90077691,186.0129161,0
139.5703125,53.6724271,-0.031023305,-0.033905232,1.698160535,14.94180562,10.51691452,126.1672515,0
102.0546875,43.46807532,0.413108595,1.224647907,2.928929766,20.56759309,7.908210363,67.39873043,0
84.6328125,40.68781127,0.646511662,1.63771554,1.237458194,11.11420503,14.3221025,264.0837528,0
87.2421875,36.10547615,0.457076926,2.797381309,0.809364548,12.04883233,16.26129078,282.1772404,0
94.5390625,39.6634085,0.478881094,1.781929361,1.940635452,15.87768846,10.42746494,126.7193492,0
93.375,37.212859,0.524190016,2.017634166,3.122909699,18.68263668,7.793729847,71.55863101,0
123.8046875,47.9746122,0.018394623,-0.065273979,2.868729097,21.00999902,8.472732877,78.07381841,0
24.203125,31.39848707,5.443613711,31.50630065,103.0250836,80.59104019,0.187007891,-1.087562718,1
51.65625,39.3041898,2.815202984,11.14137416,6.239966555,28.42796049,5.83349508,37.5214919,1
123.8828125,47.93641966,0.066058385,-0.311258202,3.546822742,22.91117022,7.406716802,58.11178684,0
78.390625,37.8500814,0.716527179,2.209606728,3.122909699,21.09785554,7.455674384,59.2045187,0
98.03125,47.2288209,0.735388834,1.379763576,3.264214047,18.4864252,7.807851855,72.81646974,0
121.1484375,51.15144332,-0.05380598,-0.167757712,4.783444816,26.45812796,6.207749353,41.36025329,0
117.0625,45.19069837,0.359701624,0.389544998,1.469899666,13.77530861,11.53117905,155.9405345,0
114.15625,41.54128923,0.577129005,1.51699142,1.039297659,12.75276719,14.10602671,217.4655013,0
105.59375,56.20865668,0.534146134,-0.433913883,2.85367893,18.51586579,9.432508879,102.7373361,0
119.53125,56.39175714,0.310079099,-0.771909347,124.0869565,90.50438817,-0.041571373,-1.572996068,0
126.484375,40.49826084,0.398043146,1.445377408,1.530936455,14.48802571,11.73118942,158.340728,0
122.71875,44.4571313,-0.073801781,-0.124492152,78.84782609,73.53479772,-0.098520189,-1.893489337,0
104.6953125,49.68503274,0.276385759,0.325643415,1.576086957,12.45889818,11.39366554,172.4540497,0
116.0390625,42.65402281,0.074748236,0.27422562,1.840301003,15.93775774,11.58036198,146.7567407,0
107.765625,37.7267073,0.583492743,1.619921986,2.173913043,18.92614201,10.34527363,113.897138,0
81.3125,40.00893455,0.676720789,1.430897983,2.147993311,14.80319062,9.604544167,114.285775,0
154.828125,43.74430487,-0.395508941,0.450406131,3.180602007,18.71242031,7.59864646,67.98928702,0
122.8125,39.16327002,0.176057944,0.782359685,3.902173913,21.11149638,6.539225555,47.98775704,0
127.8515625,44.83495599,0.123822206,0.61808566,9.893812709,37.84702878,3.983229575,15.36590039,0
118.3515625,42.98302533,0.375338746,0.491319979,4.10367893,19.21453306,5.968625177,44.08208376,0
110.0546875,45.56405323,0.379362611,0.13388036,1.261705686,13.03215364,13.29426709,202.9300608,0
90.953125,37.66917245,0.538577538,2.086475925,2.099498328,13.59621848,10.19995719,136.4205385,0
144.7734375,51.76059898,-0.214620471,0.249143829,90.33361204,91.45235564,0.056649469,-1.925910411,0
126.421875,47.70803283,0.059551295,0.417030384,8.747491639,36.42125953,4.488501237,19.98846875,0
114.3828125,55.8194804,0.061437569,-0.480238468,1.81270903,17.94338101,10.81991846,123.3515871,0
96.6484375,43.64838017,0.513867568,0.74780762,6.816053512,33.69849013,5.231797671,27.26726518,0
105.4296875,40.64339653,0.51080467,0.979402331,2.195652174,19.11425376,9.404226367,92.16906412,0
111.46875,40.95480312,0.456677111,0.872223812,1.530100334,12.70832807,12.46454066,193.6824206,0
121.9296875,49.02951656,0.282497468,-0.097528078,6.540133779,28.34423304,4.995846649,27.56715912,0
23.2734375,35.32897068,4.868320871,23.99645419,122.2525084,75.53971769,-0.073049929,-0.97263797,1
86.3359375,45.66561161,1.054746924,2.00513662,2.775919732,20.81323115,8.768878274,83.01280871,0
90.3125,32.42798512,0.951383441,4.253259334,1.882107023,15.23923978,11.80958583,161.3829716,0
81.2109375,38.38042558,0.64306569,2.272564267,2.29180602,16.9133924,9.629595165,105.8211931,0
137.2890625,44.12927606,-0.095605664,0.37011829,38.94899666,69.89112345,1.585084383,1.107133079,0
118.203125,47.49496016,0.150438956,0.256522857,7.52173913,33.2985436,4.654896471,21.44761184,0
123.296875,50.57024189,-0.02557816,-0.150500687,2.392976589,15.43107724,9.484807895,111.8356007,0
74.8203125,36.10822136,0.875454157,3.472457601,3.946488294,23.3218103,6.723389254,49.03287832,0
119.6796875,48.32764698,0.177270559,-0.184385587,1.702341137,15.72181965,10.91346844,133.5666912,0
103.109375,42.24652988,0.381185391,0.615511835,1.87541806,13.55018041,10.44211993,139.3704852,0
112.890625,57.76220574,0.360877802,-0.437530443,0.709866221,9.784309481,19.24252971,433.0286829,0
129.1953125,50.0150069,0.141788511,-0.406756289,83.7173913,68.8681941,-0.344278817,-1.756367135,0
100.1484375,41.15786867,0.618729646,1.52441022,1.732441472,16.48695596,12.49892652,168.3680924,0
100.1015625,45.78991426,0.408965675,0.147360567,3.257525084,24.07080349,7.892882157,63.44725947,0
95.0390625,45.24730695,0.424555653,0.050452806,2.967391304,17.12944345,8.84582884,96.38589897,0
118.2890625,54.8895414,-0.026891871,-0.271176594,1.665551839,13.1022548,12.43245085,191.9626243,0
126.4296875,52.12809997,-0.237225495,-0.002265486,1.934782609,11.61351252,11.77073093,205.1820906,0
97.9140625,42.03087172,0.370333744,0.59410482,1.530100334,16.10162948,11.75689076,146.9822525,0
121.9375,56.16434451,0.026018506,-0.504265525,116.791806,82.43750628,-0.652913057,-1.4409486,0
127.1171875,41.76527062,0.021758532,1.003734597,1.099498328,12.70468403,13.60083312,208.4275842,0
115.6640625,49.74438997,0.344065548,0.205632536,3.12458194,20.88414525,8.85111215,85.8162602,0
116.8515625,41.36633026,0.388759794,1.116397108,3.272575251,18.12939234,7.240234518,63.00567017,0
127.9609375,54.14713784,-0.018437957,-0.272148664,3.459866221,16.95629523,7.415250785,72.48354591,0
169.8515625,46.91116769,-0.556162153,0.272225808,3.857023411,18.87670236,6.540608691,52.64963132,0
132.890625,51.18688711,-0.034938031,-0.181300815,5.601170569,27.07404622,5.693400845,34.97490407,0
50.859375,36.69803605,4.058403061,17.95136246,15.57608696,45.38401804,3.261571128,10.43269465,1
120.8359375,47.54730824,0.138009058,-0.211351065,3.380434783,19.16169321,7.341913303,62.17054505,0
132.6328125,39.5857201,0.115067468,0.924713947,1.113712375,10.80553769,16.2183791,317.8640599,0
76.4765625,38.21157483,0.886024866,2.610153,2.903010033,19.93959836,8.34955873,76.42657171,0
107.90625,48.08414459,0.460846577,0.29651005,1.993311037,13.84106954,9.969395408,128.7447168,0
29.203125,28.97718914,6.338635552,44.28826479,48.89882943,58.77825769,1.750623628,2.735024941,1
136.9453125,45.93087683,-0.07699154,0.502889559,5.505852843,27.16463123,5.522343384,32.09849129,0
112.1015625,45.13708977,0.383632512,0.376913688,1.829431438,17.44631527,10.77873166,123.9024334,0
84.8984375,37.39774388,0.515647377,2.448671719,3.62458194,20.32434405,6.517490792,47.84192209,0
118.171875,43.39698819,0.255575183,0.769809411,2.565217391,16.54157408,8.510258639,86.45863399,0
150.328125,44.23430325,-0.225173769,0.484524098,1.908026756,17.93922952,10.26882148,110.4663364,0
97.4375,44.45270485,0.405467901,0.212829422,4.890468227,24.43386835,5.403506145,30.78243085,0
89.4765625,34.63965503,0.663733049,3.678395596,3.591137124,22.50349408,7.702916825,64.84150878,0
151.515625,45.12967157,-0.123411338,0.004552348,2.56187291,15.87088428,8.711719597,93.191431,0
146.1796875,44.67039596,-0.230021535,0.259498525,1.72993311,11.70683448,12.08826606,206.9702029,0
131.2265625,44.77202929,0.034820683,0.087829809,1.836956522,13.24938336,11.10415778,157.7114464,0
145.4375,47.01807332,-0.11786034,-0.154391915,13.31354515,45.37725017,3.389703137,10.35468121,0
119.109375,46.4181461,0.308951068,0.88210259,3.18729097,22.12725522,7.596303625,59.98604912,0
97.6640625,33.95936849,0.893818803,3.037010942,0.933110368,10.95195684,15.77733265,298.9199536,0
134.6484375,53.41312892,-0.008439501,-0.463475879,2.33277592,14.61156925,9.783336503,122.5290836,0
99.640625,50.35836176,0.479654457,0.281795601,4.872909699,29.37132077,6.279381685,39.23546861,0
129.4296875,44.89757155,-0.104229566,-0.079503753,4.201505017,22.73826717,6.451748597,46.05445921,0
138.765625,51.11728004,-0.304698206,-0.27854981,4.994983278,29.15513186,6.285989338,40.18809622,0
117.6640625,49.13506216,0.184882878,-0.078819823,6.046822742,27.81417341,5.493818303,31.97879421,0
114.0703125,44.03091662,0.282203332,0.474433092,5.722408027,28.83080965,5.446752574,30.54566811,0
127.4296875,57.08295548,-0.124299144,-0.5789287,10.86622074,42.51122806,4.018391788,15.13914966,0
96.7265625,46.7012973,0.286088626,0.085695782,2.922240803,17.82846941,8.21543451,79.74058264,0
149.375,49.30992547,-0.347452205,0.413872242,4.997491639,28.47948555,6.084790193,37.57236622,0
113.6796875,45.91958555,0.331690687,0.636715361,0.711538462,11.53160122,18.41205002,355.439894,0
121.9921875,52.53934479,0.373432233,0.085934158,2.959866221,20.56802226,7.78096991,64.71194642,0
18.46875,24.79161196,7.595096784,65.38597385,69.80016722,75.24496916,0.894922284,-0.118137123,1
120.5390625,45.43812798,0.109857439,0.459820452,1.783444816,16.7786323,11.5220794,146.950523,0
141.203125,46.69621896,-0.136353953,-0.132851195,2.276755853,14.2489627,10.19991604,135.3042819,0
142.953125,45.77012183,-0.074739854,-0.00551601,1.883779264,14.91191655,10.80153102,140.2799904,0
105.171875,49.32309129,0.397738417,0.350199007,1.513377926,14.98836745,11.31017907,141.91562,0
102.65625,39.31253726,0.546055942,1.46064753,2.157190635,13.62930298,9.898550495,131.0589314,0
133.9609375,48.45590817,-0.289045652,0.093911497,1.377090301,11.28918046,13.63190817,247.838294,0
152.6171875,49.49402128,-0.356336703,-0.149644446,2.086120401,18.04282646,10.21868756,114.0925582,0
120.2109375,49.47515986,0.121047249,-0.022998697,7.986622074,33.27278793,4.355975558,18.75966773,0
103.40625,53.79728117,0.676100029,-0.137583567,20.88628763,60.1210494,2.612994472,5.076662516,0
146.890625,55.38674175,-0.054050436,-0.637333237,3.5409699,23.39959324,8.432759277,75.30928903,0
135.859375,51.93727202,0.065768774,-0.366114187,20.77424749,52.77264803,2.730908619,6.607439551,0
91.875,42.00111606,0.513403888,0.926513442,0.564381271,8.57770125,24.09345338,668.466994,0
113.84375,49.07574463,0.416708296,0.063128291,1.469063545,11.79053016,12.91667442,216.5081016,0
142.109375,50.06764711,-0.088446928,-0.315626286,3.826923077,23.0742435,6.702571837,47.7933926,0
134.5234375,45.7269349,0.256510623,0.200759898,12.62541806,50.01404642,3.73161888,12.02436909,0
112.9765625,52.36209042,0.251266199,-0.449182036,6.807692308,30.26529533,5.292331889,29.82998071,0
107.6875,48.85097715,0.489263281,0.273828972,1.947324415,14.76900401,9.240379168,105.3903161,0
112.125,49.66387017,0.314787214,-0.003264674,1.255016722,14.1873283,12.80815126,178.5235591,0
120.40625,45.78967499,-0.035224898,0.085596626,1.535117057,11.36008109,13.42151678,241.4009261,0
11.03125,31.47045676,5.994345191,36.69314003,155.5434783,69.40382014,-0.467133441,-0.805835416,1
64.2109375,29.44503681,2.563082588,13.72383566,4.237458194,27.70059949,6.855086962,47.10322919,0
153.1953125,48.99107996,-0.221494569,-0.11413839,2.410535117,19.33975897,9.807413863,105.7648388,0
112.171875,47.51070757,0.521913166,0.761390142,1.320234114,14.49277153,12.94499673,183.8474238,0
149.5703125,40.12357544,-0.295259315,1.474550376,1.557692308,14.34433859,11.05067199,140.8783003,0
127.4609375,49.00412966,-0.026539027,0.03357366,2.372909699,14.22342274,9.196550889,113.8189623,0
81.3203125,34.37203023,0.892778564,3.673783582,5.586956522,24.76359727,4.963664275,26.96384969,0
116.5546875,45.39046028,0.282871836,-0.109041705,1.932274247,12.44128398,11.27535735,174.4292189,0
120.75,54.59753314,0.101454153,-0.48328527,2.765050167,17.43403667,8.762025456,92.42388868,0
103.46875,48.57998197,0.210840091,0.104614248,1.994147157,12.30931341,10.9199048,171.4827971,0
105.671875,50.17331047,0.330387378,-0.023716098,2.617056856,16.15188704,8.609678876,90.57064804,0
160.8671875,61.81618051,-1.060827434,0.128833174,11.76923077,45.04464812,4.012029948,15.03428241,0
92.4375,38.58609489,0.538134788,1.562324185,2.337792642,16.80150524,9.597378751,104.652963,0
113.2890625,56.83462198,0.305755333,-0.476919913,2.906354515,15.5294927,7.983331395,85.48810612,0
88.734375,45.37628861,0.823817325,1.01079323,8.069397993,34.54246139,4.560543947,20.83400891,1
107.109375,44.34563014,0.271246448,0.140060386,4.257525084,24.93326682,6.40106476,42.68212592,0
131.5546875,51.60877599,0.041728078,-0.291400161,1.714882943,14.80694538,12.10783932,165.7241433,0
112.3984375,32.5392407,0.500669521,2.741427148,1.505852843,12.84357129,12.09582123,182.1683236,0
133.0,45.12153726,-0.24509262,0.289351296,2.251672241,17.05845857,9.421902311,101.7693895,0
71.015625,41.30318245,1.708865582,5.426103164,11.1270903,44.09256646,4.002230939,14.82333477,0
102.3515625,56.7009135,0.820094041,0.209103444,146.2157191,57.49237513,-0.94128896,1.461150357,0
115.984375,46.07483457,0.213390402,0.185460008,3.098662207,20.11019721,7.764124852,67.49359585,0
21.015625,45.07406828,4.452062155,18.53141618,121.3060201,67.25000775,-0.014069784,-0.811779443,1
106.34375,47.50418362,0.488367619,0.478161664,4.486622074,23.7983935,6.367743835,43.83685058,0
119.5078125,36.21959848,-0.000364412,1.681146293,45.56020067,80.5638816,1.216684208,-0.483634422,0
109.375,49.99984375,0.131348075,-0.217664132,4.081103679,20.6266204,6.386286479,47.87283439,0
103.8046875,47.37072187,0.305756853,-0.033519528,1.095317726,10.25515344,17.02001031,363.1769537,0
143.7421875,47.7652538,0.045200303,-0.275533582,176.9899666,78.62486543,-1.393412865,0.547924875,0
106.0859375,49.77889038,0.285991941,-0.046766028,1.397157191,10.84068078,14.01806763,271.0084063,0
112.2109375,44.86362188,0.039719729,0.087412857,1.801839465,14.15685057,10.35499396,131.3255424,0
112.5625,51.81393243,0.070333922,-0.262121471,3.170568562,20.15274457,7.404315617,60.02275362,0
138.9296875,55.48904503,-0.076581839,-0.306605476,17.25668896,51.1418628,2.816761385,6.465280298,0
120.078125,59.00550946,0.060816546,-0.609986726,2.596153846,16.07850573,8.36123051,86.39107565,0
124.46875,44.77477273,0.028844727,0.151783758,1.745819398,20.09880962,11.4825735,130.5078893,0
107.59375,54.4501546,0.629172576,0.135363168,2.298494983,14.7996779,9.135458391,106.9632294,0
106.4140625,41.6676822,0.25332753,0.720641792,2.419732441,16.37502826,9.557450181,108.4581784,0
97.1484375,47.7593397,0.554079747,0.444740248,1.090301003,12.54830957,13.73697296,215.365048,0
96.4609375,45.88196513,0.280990782,0.103932994,2.539297659,18.56812353,9.648781362,107.0390877,0
72.046875,36.60811458,1.082411862,3.633924941,4.261705686,21.47552636,6.304932713,45.04906007,0
124.921875,44.7108085,0.257496662,0.478776791,3.164715719,20.6732129,7.93232101,68.84885197,0
117.5859375,55.81029914,0.198433516,-0.672156318,2.066053512,13.03070024,10.00541692,141.3126934,0
95.765625,46.22355399,0.606886137,0.816610851,1.343645485,12.25433381,12.98377447,206.3967785,0
121.7109375,47.09451141,0.04606127,0.025119197,3.742474916,24.19176251,7.502878245,59.67088185,0
112.3046875,45.12526984,1.101891573,2.026089747,41.23244147,76.31848523,1.495602462,0.564702029,1
105.734375,47.69327199,0.406383006,-0.015584048,2.41638796,15.29734929,9.008570074,103.9885021,0
104.296875,40.64871603,0.178636719,1.330436202,2.456521739,20.09027992,9.063483235,86.67296273,0
121.2734375,48.68179762,0.082594831,-0.188231953,2.285953177,20.3393905,9.545840016,94.68713396,0
111.6640625,55.93303437,0.150553412,-0.50100524,8.203177258,31.66013641,4.53866836,21.96437077,0
21.5703125,30.87137722,5.661067337,34.31211675,52.07859532,63.06510818,1.239048946,0.847647921,1
96.84375,45.16989413,0.47774692,0.652228967,0.85367893,10.25915831,17.23022196,359.9227955,0
108.8515625,54.99475683,0.134442538,-0.646461564,2.845317726,21.01151109,8.189990981,71.38539186,0
151.40625,48.63181789,-0.537901089,0.175122596,55.56187291,83.63161988,1.032465497,-0.649092355,0
114.015625,39.53834855,0.259863557,0.925969389,5.665551839,22.2555134,4.899519161,28.69415997,0
111.015625,42.79511223,0.519787079,0.758427362,3.220735786,17.68272322,7.375376974,66.58478931,0
129.7109375,48.04086027,0.080467948,-0.105583334,3.224916388,17.73118904,6.684986134,55.47118681,0
110.3125,50.20983314,0.58915332,0.289154427,2.033444816,17.88098573,9.997407259,106.8577645,0
102.2421875,36.79010271,0.379638726,1.978989077,4.251672241,21.02736008,6.40099805,47.77369738,0
120.75,50.97854941,0.268341637,-0.101657325,3.057692308,16.558173,7.700618108,76.91338037,0
114.3359375,50.64031826,0.265629333,-0.031477925,1.665551839,15.6908421,11.10610613,136.3021759,0
130.03125,50.07602618,-0.036502445,-0.154182271,1.909698997,14.0660841,10.34625254,132.3043074,0
138.03125,46.43526029,-0.049621033,-0.009250512,2.626254181,14.75082719,8.804564692,103.7464162,0
116.8984375,51.77880235,0.43124527,-0.200355639,2.382107023,13.94147997,9.393027783,121.4607189,0
107.1875,47.984983,0.27770568,0.238732948,4.050167224,23.06499813,7.022735061,54.10837942,0
121.3203125,51.77308265,0.085057438,-0.161100588,2.340301003,14.59441919,10.13569748,132.2845306,0
135.421875,49.86303261,0.020081468,-0.073446825,0.576086957,10.02697349,20.39729429,452.9871756,0
99.578125,47.05293053,0.48709309,0.31714113,2.623745819,17.60616829,9.334983515,100.9733446,0
22.859375,33.00419821,5.198502699,28.10315333,73.95819398,63.18079323,0.997992772,0.525573228,1
94.4140625,49.40893254,0.554283059,0.041587458,19.09615385,54.89815702,2.690076786,5.648402272,0
104.953125,39.54602923,0.481232369,0.62361642,1.109531773,13.26721294,13.57975917,201.0866207,0
115.8984375,55.62933127,0.382114814,-0.299731538,1.622073579,11.4217996,12.81936479,230.372885,0
87.359375,44.80090233,0.921021646,1.626215652,1.899665552,12.32373922,11.20698538,175.2216541,0
84.7421875,40.00727397,1.368956989,3.812073222,5.736622074,32.04731081,5.9796027,36.14797519,1
60.9765625,37.65415499,2.348117762,8.89422219,6.367056856,32.82643958,5.393685545,28.80654646,1
112.4375,46.34968143,0.292556834,0.393207785,3.483277592,21.49882679,7.0707414,54.46579082,0
104.8203125,35.97664902,0.08028042,2.232677231,1.489130435,10.41259442,14.54123174,304.9021154,0
105.3828125,47.4651387,0.469712672,0.360433385,2.316889632,14.00122124,9.493822245,120.1010674,0
130.578125,53.65902321,-0.005070557,-0.530730217,2.195652174,14.513234,9.598438479,117.2940165,0
37.6640625,39.51290876,3.495256736,13.13504707,7.785117057,27.56202757,5.014885742,29.18375371,1
145.6484375,45.03550506,-0.412268834,0.549884286,1.127090301,11.12714157,16.47727634,324.0835139,0
120.1796875,58.08741172,0.07532771,-0.374005884,4.454013378,23.68092791,6.998100564,54.21791658,0
104.234375,49.66410367,0.313859893,0.094257539,7.935618729,35.33882867,4.490900033,19.34683135,0
126.65625,42.7568411,-0.023664972,-0.073725003,2.019230769,17.47727999,10.21781785,113.1616288,0
108.7109375,38.81167518,0.636641973,1.336401397,3.258361204,22.6477159,8.108096424,70.22644286,0
107.25,46.06025266,0.329787302,0.297344961,1.529264214,10.67394445,14.02663316,280.8273375,0
123.2734375,49.44895013,0.211980793,0.033918175,4.099498328,18.71309433,6.03065663,46.74034972,0
118.2734375,50.28399268,0.044799295,-0.108468289,4.069397993,19.22541082,6.443271339,52.80375362,0
115.625,53.41245758,0.229058416,-0.188050257,3.731605351,20.83356657,7.064974448,57.37252818,0
108.546875,48.3562398,0.387196076,0.497890901,0.857859532,12.35016675,16.61142703,291.2706841,0
148.6484375,52.27490283,-0.201213477,-0.005550261,1.282608696,11.35326917,13.88671405,246.9421838,0
92.2265625,35.09389522,0.65308289,2.747165429,2.012541806,16.23842041,10.07928458,114.3114779,0
121.484375,49.09715884,-0.005497673,-0.128191295,12.97742475,41.77001844,3.202843421,9.07135867,0
128.234375,56.2064393,0.017937217,-0.844584547,2.87458194,22.43670375,9.080948457,86.5371977,0
66.078125,52.10395399,2.257081435,4.738070151,79.29264214,107.4318232,0.640118738,-1.550670386,1
27.0703125,45.35126507,3.851804268,14.37943834,87.4673913,69.5353771,0.462293916,-0.508240547,1
131.1015625,51.96345468,0.027495193,-0.260587401,1.823578595,14.72262425,10.80190691,136.8633219,0
118.6171875,45.53863763,0.442851588,0.15853158,1.632943144,11.84317332,12.44998972,209.9235135,0
45.609375,39.13682616,3.646904656,13.77286958,127.9431438,72.76456821,0.067914638,-0.82641302,1
103.7890625,49.30194791,0.235828965,0.059698262,6.848662207,32.54715653,5.173004818,27.31372523,0
97.8671875,37.52090482,0.263142499,1.832946192,3.923913043,23.72462693,7.302928772,57.38148169,0
94.8125,45.75627518,0.63796208,0.920455812,6.995819398,33.60963912,4.950313198,24.0806539,0
142.7265625,50.05570566,-0.349645884,0.041362283,1.091973244,13.34867758,13.59930421,201.2138397,0
123.5234375,41.31622805,0.189964644,0.564498061,3.971571906,23.08905678,7.080362919,55.1146909,0
128.6484375,46.46110434,-0.055292458,0.244432025,10.14297659,39.24222172,3.897359486,14.32229337,0
127.9375,40.6287979,0.298602505,1.360213779,2.454849498,17.03460382,9.124887933,98.25129178,0
30.3984375,29.75849139,4.937010439,30.21465706,30.37207358,61.41136465,2.266474445,4.283722748,1
37.1171875,30.67129692,4.628307635,28.67564049,66.0,86.28454909,0.953253597,-0.641793743,1
119.1015625,51.602271,0.053780986,-0.229919124,2.22826087,12.88762482,9.81971138,142.3165549,0
123.2734375,49.94023222,0.126371985,-0.081485833,1.852006689,16.36617988,10.23494531,114.7184142,0
150.796875,42.92405346,-0.065591176,0.18787084,3.676421405,19.42995685,7.795477137,72.72758034,0
102.328125,49.76854387,0.172078616,0.079370293,6.264214047,30.55832885,5.432277488,30.32470377,0
110.421875,45.77024985,0.37904642,0.486063201,0.761705686,10.26875827,18.87990951,405.2941345,0
139.0625,45.2166227,-0.078314617,0.313389479,4.842809365,24.86018509,6.148078113,41.4055912,0
115.109375,59.3563437,0.39125126,-0.483181018,2.964882943,17.88850935,9.2822092,100.3635501,0
122.4609375,57.45010095,0.113264847,-0.546710037,3.748327759,23.49391949,7.552202117,61.96023725,0
116.3359375,45.01757944,0.255124156,0.495525485,2.290133779,19.15969509,9.733145197,103.5176329,0
107.4921875,49.80351959,0.359887495,0.133437885,2.352842809,20.07642381,9.599411265,97.2637887,0
101.484375,48.11022247,0.379149141,0.255625618,0.789297659,10.92835068,16.97015536,327.4904755,0
103.78125,42.33533127,0.246691382,0.511385919,0.544314381,10.265646,20.61359314,446.0356593,0
143.671875,45.3026471,-0.045768538,0.353642666,5.173913043,26.46234509,5.706651072,33.80261323,0
69.0859375,42.0893817,2.116612134,5.828386489,20.72408027,51.30550625,2.627254734,6.393733854,1
134.0234375,51.90217132,-0.214461669,0.021349314,2.72826087,15.63212874,8.42294391,90.24191986,0
140.984375,45.68779657,-0.020574981,0.326564346,85.19481605,91.01114273,0.15764875,-1.918348965,0
83.78125,38.96050434,0.761780803,1.858651634,2.168060201,13.28171789,10.70834225,158.3292706,0
109.46875,45.44483907,0.085948372,-0.00269114,5.516722408,28.58029623,5.623581088,32.93237804,0
123.65625,51.66258279,0.131622571,-0.261361012,3.618729097,19.84985743,7.515519758,66.01643384,0
104.7890625,47.89109591,0.425416228,0.441975133,3.260033445,18.68991218,7.584000908,68.13399704,0
134.0546875,56.7807335,-0.284439688,-0.352021125,2.983277592,19.87872229,7.861779316,68.11223997,0
141.5859375,42.68315815,-0.168485742,0.552312013,2.52090301,20.19268547,9.651333824,100.122076,0
128.515625,45.54135901,-0.144453271,0.12465235,3.171404682,17.52561103,7.330768681,65.6620963,0
138.1640625,43.61385555,0.076882213,0.680564538,15.24080268,46.67786719,3.05060795,8.12368601,0
125.796875,46.88139279,0.227336961,0.073475282,3.980769231,24.81962619,6.837324178,48.96601086,0
128.9296875,46.6112888,0.130827458,-0.072423308,1.639632107,14.76673931,12.23132654,171.3569586,0
103.078125,43.93543014,0.100540579,0.16142252,6.724916388,31.79602236,5.128766292,26.64298963,0
140.734375,47.75809558,-0.067812078,0.018430137,0.831939799,11.55411942,17.89560064,357.468251,0
121.453125,47.6318662,0.179572594,0.15486082,3.204013378,18.28834042,7.970875869,76.08436734,0
96.21875,40.57957797,0.582652889,1.638128567,2.517558528,16.09697388,8.472029816,87.37750772,0
116.234375,52.57011455,0.17403179,-0.320616556,2.968227425,20.39486444,7.841162421,66.65117878,0
117.53125,41.74474845,0.107284435,0.734814701,3.539297659,22.59630362,7.642489983,63.59729757,0
144.8984375,49.9660572,-0.040258007,-0.237821554,2.489966555,15.80003809,8.573577815,90.36407292,0
116.0859375,44.32356656,0.178546798,0.581744175,0.939799331,11.73906898,15.23249089,263.0338221,0
124.6328125,52.36036059,0.050397182,-0.357757414,0.718227425,8.982147038,21.26401138,552.7614784,0
156.5859375,44.83015296,-0.493069318,1.238059072,2.193143813,13.92809964,10.19688243,133.5925308,0
123.1875,50.97682531,0.065674847,-0.442852675,2.621237458,16.78253144,8.989574026,97.82837223,0
116.28125,48.48645711,0.414568932,0.609181503,1.638795987,16.26242668,10.90135443,126.4444392,0
121.6953125,52.5545191,-0.051609486,-0.283104246,1.091973244,9.903458863,16.75470729,376.380424,0
134.4140625,52.34165516,-0.158458735,-0.354229931,5.510869565,25.72056649,5.646120906,35.04823269,0
108.59375,40.84602136,0.233340551,0.393604064,3.831103679,27.01095843,7.410408673,55.70384174,0
109.046875,52.42477637,0.540465935,-0.353490955,4.248327759,25.51423051,6.351599706,41.11984892,0
136.9375,45.32034415,-0.168343957,-0.007450342,2.58361204,18.63145107,8.735743467,86.057926,0
88.125,43.39480816,0.516225516,0.998225616,3.25083612,19.63404211,7.699762609,69.01980595,0
142.0,48.80141519,-0.210519778,0.043318671,10.48494983,39.57310589,3.807679388,13.6645778,0
135.6875,54.25889184,-0.065490878,-0.495563862,1.403010033,16.66324308,12.66309498,163.7993011,0
114.7734375,45.22240437,0.260711939,-0.17992084,2.778428094,17.27933702,8.088936931,77.45579428,0
95.4375,42.30206666,0.627341983,1.019838033,3.532608696,19.71400297,7.051233402,58.02947576,0
70.09375,44.81253269,1.277516001,2.383786223,1.91638796,15.28534718,12.46154934,172.4740624,1
114.0078125,47.11132031,0.120403695,-0.077064869,0.715719064,9.451130442,19.42572958,461.7363168,0
100.9921875,51.94956931,0.477132436,0.189935593,3.492474916,20.94412323,7.4455145,61.47009275,0
113.8046875,32.16681583,0.271339275,2.700348215,4.43645485,21.51448471,6.326779796,46.49284443,0
125.8359375,44.6424646,-0.138035939,0.279187479,8.283444816,33.78033645,4.869338656,24.86614534,0
113.703125,48.22495454,0.073263332,0.191368196,1.269230769,13.56383729,12.70542265,180.9880397,0
127.40625,50.64219423,0.043913421,-0.023268866,3.778428094,25.23525238,7.07804111,51.3793736,0
115.5390625,47.29245816,0.142135595,-0.113365962,1.47826087,12.68305544,12.3239933,188.0080607,0
87.7421875,38.83503695,0.854598781,2.15562908,4.173913043,30.52272888,7.192356827,49.85745796,0
128.5859375,55.86906111,0.009635226,-0.339915064,3.731605351,19.30369949,6.545688412,51.04692162,0
120.0234375,48.46011002,0.113343587,0.146148957,2.121237458,16.9109269,9.454361617,100.3591827,0
114.75,58.84964953,0.164133427,-0.461129106,1.883779264,15.0979756,9.843035658,114.3174412,0
138.25,44.11561515,0.021824924,0.364679814,2.593645485,15.74038199,9.652010344,120.6009721,0
117.0390625,41.75812091,0.333911135,0.691404567,1.851170569,17.3690877,10.48307679,117.4130599,0
127.8359375,44.08280159,0.075601283,0.076062591,4.627926421,27.12666047,6.440065568,42.94694641,0
97.6328125,44.2127087,0.67186805,1.13471116,2.877926421,17.58315593,8.135837507,78.40888411,0
124.75,47.65320687,0.200127216,0.090201115,2.691471572,19.48198621,9.399314548,101.8091632,0
87.2890625,45.2500263,0.821406974,1.511212301,15.19397993,49.89779686,3.243149222,9.264300751,0
126.8125,46.83260583,0.291279121,0.183496247,1.045150502,9.514711452,17.82120171,431.2407446,0
147.734375,47.13718085,-0.275087652,0.240134946,5.765050167,26.31169258,5.254830873,30.76539924,0
126.8359375,52.54459079,-0.199619402,-0.375729634,124.0025084,109.7126491,-0.204138206,-1.887131091,0
118.5,52.16545193,0.405052604,-0.059663872,2.27173913,19.03026732,9.057714428,86.01755836,0
134.59375,48.2594611,-0.008044113,-0.448968763,8.002508361,33.81541712,4.541441646,20.91525335,0
131.5078125,55.25339301,-0.076353905,-0.468600894,2.24916388,18.06342757,8.903652439,85.53933104,0
98.453125,45.09172239,0.359795959,0.077335396,4.859531773,28.98639401,6.1586063,37.56786759,0
130.9375,47.45240214,0.033461152,-0.213591394,3.158026756,20.48004847,7.869959789,67.43102409,0
129.3125,43.32088663,0.11289574,0.444282178,9.616220736,34.31962743,3.831452282,14.83679793,0
121.578125,49.82588581,-0.176218786,-0.243689521,5.056856187,27.22558637,6.192721546,40.35954665,0
118.9765625,39.389772,0.531148023,0.992917356,4.206521739,25.58604064,6.877820822,50.411227,0
89.875,41.09250236,0.657378515,1.395333479,2.87541806,19.853907,8.312499627,77.25212996,0
122.9765625,49.74583287,0.348788468,0.204629904,2.170568562,20.05271489,9.745379638,98.00767315,0
111.4921875,47.20467338,0.377453623,0.147892155,4.421404682,27.85932189,6.599487909,44.10909249,0
135.671875,60.05584763,-0.356119549,-0.753628929,7.484113712,34.49733035,5.00372688,24.92431743,0
112.265625,46.04693332,0.225141867,0.554728158,1.072742475,11.51350347,14.85271366,262.9198833,0
33.265625,38.0393473,4.194690057,18.18432479,34.2173913,58.24040161,1.776288941,2.566577238,1
95.109375,53.74727237,0.627435273,0.536495913,2.009197324,14.73332908,10.12223556,126.4645332,0
139.0546875,46.64012968,0.04285969,-0.396080568,129.867893,98.01841479,-0.144233385,-1.706512884,0
75.953125,43.1075797,1.142332703,3.007318929,5.222408027,24.38005311,5.239661044,29.71430512,1
131.1796875,46.95866427,0.117783503,0.050818583,2.901337793,17.04058597,8.466883809,87.14086884,0
93.828125,34.49028608,0.53765371,2.632332116,1.097826087,12.76018691,13.72581184,211.7186795,0
110.984375,61.33208586,0.297366849,-0.835421891,17.08277592,53.52901258,3.121484394,8.375074073,0
110.296875,49.1830699,0.55600188,0.410597111,2.393812709,13.97380236,9.252200621,116.7518692,0
61.03125,34.26230105,2.813587479,13.14913531,24.33779264,54.4898623,2.57322153,5.97624269,1
109.1875,53.52434464,0.300262812,-0.004499631,0.715719064,11.40561619,17.02432566,308.2593334,0
118.3984375,44.38738205,0.298337248,0.695042631,2.678093645,22.32346326,8.82309248,79.80769539,0
125.1328125,55.68499168,0.119933511,-0.535857615,2.098662207,14.62457608,10.17251815,133.5160155,0
17.40625,46.3651333,3.676408994,12.92233842,148.0869565,69.45032004,-0.107242317,-1.198745222,1
137.8828125,49.92097209,0.270337946,-0.269251839,7.668896321,31.82105174,4.377944191,19.03841376,0
144.3515625,50.92850225,-0.287337519,0.080334767,0.629598662,9.457036815,20.37332953,482.6043187,0
164.8125,42.70058365,-1.133832564,2.165415938,39.27341137,67.67879574,1.558786707,1.116063263,0
116.9609375,47.33481184,0.088199368,-0.049518892,3.570234114,20.31209461,6.922641673,54.69723796,0
27.84375,40.45858946,4.389795732,19.11953438,94.38043478,54.4937932,1.310102109,1.083522105,1
100.6640625,50.37302684,0.174166827,-0.047649216,2.872073579,16.61202538,8.49188416,87.53202183,0
115.421875,49.9455343,0.195663236,0.035491238,4.655518395,22.46290278,5.759392171,37.12231012,0
110.625,44.63322753,0.394187246,0.729200752,6.137123746,29.62507513,5.41089804,30.46535003,0
136.421875,51.7585454,-0.212552541,-0.20456711,6.977424749,32.86195906,4.91145311,23.81997288,0
117.75,54.63157855,0.083676331,-0.355849091,3.692307692,25.51890848,7.220034522,52.69129428,0
136.2265625,51.8133994,-0.051786541,-0.146288822,2.681438127,18.84210106,8.260740831,75.05880617,0
124.0859375,58.16947591,0.152932139,-0.523367879,2.123745819,13.83646984,9.332406357,118.6081303,0
103.3046875,38.66796934,0.273909003,1.633521936,7.407190635,32.14940428,4.655330304,21.67409527,0
121.7578125,44.74943193,0.231819049,0.184608611,3.760869565,22.86933234,6.718575073,47.95256669,0
105.28125,54.69031243,0.443061132,-0.354324099,3.592809365,22.48519948,8.032629786,69.76968621,0
99.1640625,44.32422753,0.25091326,0.394519071,2.881270903,18.43122306,8.21837443,77.06255312,0
118.3203125,52.6169729,-0.207503041,-0.168316149,3.922240803,23.87088612,8.262356676,73.7349919,0
132.625,42.63507945,0.017877918,0.293242162,3.345317726,19.59895533,7.290506802,60.29746677,0
83.0234375,55.80385079,0.931031235,0.419404734,26.30434783,68.48190944,2.355388486,3.794600271,1
133.9765625,54.4012099,0.014293311,-0.334637258,2.620401338,20.59620671,8.767099323,80.94699303,0
127.6875,49.75467158,0.001934282,-0.316075595,1.576086957,12.76727881,12.21403237,182.8776205,0
114.5625,49.02960681,-0.088392656,-0.371767331,0.682274247,9.586748109,20.89849632,492.1446114,0
133.5859375,47.95644628,-0.165811746,-0.181547788,9.925585284,35.23671002,3.904088877,15.24672538,0
80.4296875,37.36448088,1.060298748,3.026939979,1.122073579,13.8194333,13.91432332,207.6491404,0
101.3125,43.51001142,0.481391776,0.960645377,2.303511706,15.93188955,9.138607647,99.80985381,0
121.921875,52.64631536,0.095094357,-0.28414314,2.227424749,14.39121749,10.09580047,130.7173256,0
111.6328125,47.92064911,0.026358396,-0.076191723,1.87458194,17.0169399,10.209025,112.2376687,0
131.515625,74.10338896,-0.06461446,-1.287415504,53.07943144,63.27202416,0.808518494,-0.343883529,0
129.03125,43.08275784,-0.093376427,-0.067343625,96.14715719,84.74410675,-0.216747554,-1.872803961,0
112.8203125,41.38886354,0.261117779,0.518999407,1.222408027,10.44042021,15.3360292,314.2951313,0
78.2890625,38.80764912,0.611850785,2.128245583,1.034280936,10.29585731,16.81057278,352.7765183,0
130.5,46.14955309,0.084445004,-0.107354783,1.529264214,11.75708623,12.53383106,211.3270812,0
128.359375,54.63697443,0.061963272,-0.453308099,1.925585284,13.25711701,10.4201342,144.0672024,0
144.6875,43.27830541,-0.218640807,0.800714947,0.799331104,10.45822393,16.79253067,336.6940161,0
128.4375,56.70341563,-0.093263503,-0.550446851,0.535953177,8.33784207,25.28186372,733.9610293,0
90.3203125,45.65357557,0.404061303,0.572412003,2.795150502,18.44146511,8.328911802,78.67507144,0
133.65625,48.04627286,-0.016112707,-0.069741431,11.74331104,42.76067213,3.792356847,13.71341075,0
99.9453125,50.317012,0.177840531,-0.016124384,3.740802676,24.05608776,6.914158071,49.64590164,0
103.4921875,44.12800912,0.534268452,0.688253281,2.795986622,18.10717399,8.643138409,90.0200811,0
126.84375,42.96045374,0.216068812,0.239722754,4.516722408,26.32557072,6.43888847,42.89429881,0
133.9140625,36.98796834,-0.281609044,1.447843801,1.419732441,12.2844388,12.75389142,201.6170039,0
93.9765625,46.32973951,0.37470179,0.506115951,0.859531773,10.86949035,16.79177499,326.8967781,0
80.6484375,37.16571628,0.644805662,2.808249343,12.46237458,41.72296059,3.585034533,12.40715972,0
100.046875,33.86320352,0.50630757,2.483727013,1.298494983,11.61932558,13.4153862,228.8219735,0
137.2578125,55.76502686,-0.399317655,-0.36023522,0.850334448,14.20120025,17.0984886,291.7464869,0
103.4140625,52.15130142,0.838419995,0.51168986,2.044314381,12.99004801,11.2381718,166.7350406,0
124.96875,46.58475768,0.196337517,0.345916701,0.851170569,10.89588568,16.3641774,312.1507963,0
140.3203125,46.32526538,-0.052068203,-0.064981402,4.448996656,25.38390664,6.6076539,46.11811891,0
124.4296875,45.10399158,0.289567225,0.130894266,2.157190635,16.12514935,9.183220361,99.82596995,0
84.0625,43.44442391,0.694632313,1.953091421,2.769230769,16.83423778,8.547158618,90.42553744,0
37.5625,34.6903152,4.315628088,21.67115274,42.50752508,64.10435767,1.573429201,1.678113162,1
113.375,54.24063859,0.229386735,-0.423161693,3.571070234,20.05408571,6.732097188,51.50835059,0
119.984375,43.9689138,0.014535564,0.246250647,3.43729097,18.14910136,7.779946987,75.06183568,0
122.2421875,51.86456915,0.259834014,-0.284581185,2.143812709,18.4798377,9.488985359,96.48590346,0
118.5859375,46.62106675,0.329897664,0.345920116,2.008361204,12.4271091,10.66291516,163.8158658,0
25.6796875,29.9752329,6.935822553,50.08672082,16.84866221,46.49274054,3.325767809,10.97139756,1
107.5546875,50.04760368,0.430305202,8.71e-05,2.932274247,19.7662239,8.584854416,83.72829652,0
124.0546875,47.17095051,0.01955491,-0.205026144,0.933946488,9.681887624,18.16878967,418.8027437,0
78.9609375,39.74319956,0.760627122,1.990113962,2.719899666,18.93023555,8.994866382,92.0111219,0
150.5625,54.05187757,-0.310959504,-0.104231524,2.476588629,19.86560919,8.807345021,82.58171615,0
19.359375,30.54907281,5.712255492,36.65609879,19.95819398,47.53991379,2.638707716,6.82989392,1
127.9609375,40.28655218,-0.017145702,0.509236459,2.885451505,16.05251902,8.234513164,86.89265139,0
116.796875,46.73668918,0.275826911,0.57313301,5.130434783,25.81924647,5.966745606,37.86752999,0
121.84375,53.58615106,0.139425498,-0.503300854,32.60535117,54.60369324,1.977399488,4.032597007,0
116.21875,46.45914494,0.009649924,0.261443002,3.264214047,19.87520658,7.838087501,72.6315441,0
81.375,38.31815823,1.329683713,3.939896618,21.26588629,49.08861219,2.464339505,5.216196823,1
120.171875,51.15969321,-0.231328651,-0.217242909,11.97491639,42.67710734,3.54300686,11.44845749,0
89.875,42.00855568,1.018144068,2.362974216,2.907190635,18.55482471,7.842075704,73.16355856,0
123.6171875,52.16307379,0.032634719,-0.359665022,0.701505017,9.05189596,21.20130294,542.7889663,0
129.4375,53.19594528,-0.153965311,-0.319230705,2.391304348,17.44716989,8.514116804,81.64350984,0
108.7265625,48.13566681,0.050253838,-0.26623507,6.535117057,32.46056941,5.400811761,29.2277289,0
114.3046875,44.17499975,0.044711114,0.481958332,1.809364548,13.14412439,10.79110047,151.8801567,0
97.3515625,52.11594493,0.768596476,0.187392142,2.474916388,16.77617377,10.88055608,138.944812,0
98.6328125,50.55826946,0.425235177,-0.17654485,1.005016722,13.49148034,14.92019457,234.4645851,0
131.390625,51.4399277,0.126168902,-0.488254457,1.561036789,10.37976809,14.72323036,310.440503,0
122.890625,59.78898236,-0.037008512,-0.787102521,2.898829431,17.55394834,7.966362185,75.73505668,0
123.03125,56.58620877,-0.076692455,-0.610944552,4.341137124,21.54389654,6.881114941,54.82275741,0
130.859375,51.75433774,-0.077207062,-0.26128624,4.461538462,28.19430952,6.63225188,44.49192218,0
150.8203125,51.13499804,-0.270228328,-0.0494425,3.093645485,18.91530833,7.923653933,72.0741655,0
120.5859375,40.83666538,0.278742779,0.529107069,5.77006689,29.58361779,5.440727863,29.83522186,0
126.109375,42.63787093,0.315729688,0.755128717,2.144648829,16.7095985,9.462910019,100.6046886,0
150.7890625,62.11376311,-0.805191136,-0.16874534,200.5,54.83693523,-1.530877642,1.658294981,0
128.5703125,50.16000704,0.058190897,-0.471664776,1.491638796,10.43778015,14.55837738,303.4759152,0
134.8515625,49.93137319,-0.075252905,-0.284117289,2.454849498,14.78164826,9.209451947,110.532596,0
132.484375,54.18789423,-0.215282527,-0.351426793,4.189799331,25.65662626,7.396547246,57.76453846,0
126.2734375,51.96418761,0.059317479,-0.175435686,3.941471572,22.21162097,7.042359166,53.86795193,0
161.4453125,45.3275938,-0.3868499,0.597409859,2.319397993,17.64083298,9.907935965,107.0288457,0
118.9609375,43.80664232,0.09674481,0.171379041,1.745819398,14.22421769,11.56290603,157.8653845,0
139.296875,44.98929723,-0.115838253,0.045880608,1.911371237,12.14897099,10.93831352,175.0354028,0
102.0703125,46.03059166,0.565430782,0.708144724,2.061036789,18.16991855,11.22509114,134.7551386,0
110.109375,41.31816988,0.094860398,0.68311261,1.010033445,13.02627521,14.66651082,231.2041363,0
127.8203125,45.15553565,-0.122702178,0.136251307,2.607023411,20.04153924,9.23503588,90.2469822,0
126.375,50.80646489,-0.24924472,-0.344827693,2.66638796,16.34949318,9.319462595,106.2306781,0
134.515625,41.34175106,-0.132022037,0.446548175,2.724080268,16.3331983,8.738315131,94.09452416,0
115.2265625,52.1958773,0.11325505,-0.591689992,12.01337793,44.1639143,3.590060973,11.55903395,0
117.0390625,48.79251389,0.043086715,0.129822691,0.734949833,10.46873747,17.18598841,342.9646659,0
82.875,37.91952828,0.484613524,2.091132265,2.676421405,15.09999488,8.268181704,91.1974949,0
99.4921875,49.84115332,0.336534967,-0.232874441,4.66722408,25.45058093,6.013390391,38.31650629,0
100.8671875,38.83284915,0.638485524,1.672818507,1.938963211,14.11587688,10.36227671,135.4277231,0
57.5,35.27459249,2.933662904,13.23320067,43.06103679,77.7114579,1.547073788,0.790752257,1
96.875,43.2425933,0.685667618,1.257409487,9.996655518,41.46082475,4.30095108,17.81373586,0
129.9921875,50.47717555,-0.016625518,-0.168214416,2.989966555,22.7118028,8.731262362,79.9608801,0
126.359375,49.76628728,0.152515695,-0.31696447,20.63795987,55.99462645,2.543123724,4.993103138,0
118.265625,54.85556096,0.031310177,-0.365721803,24.67140468,60.23973748,2.262562084,3.61995206,0
127.296875,41.31573538,0.138410593,1.29147501,1.72993311,15.3028996,10.79086059,131.8952503,0
114.328125,50.15368714,0.233924296,-0.238693414,1.004180602,12.56065482,15.63374589,268.1799761,0
26.578125,31.82363739,5.502086902,31.52984285,134.798495,72.05558309,0.029296678,-1.211265258,1
92.3515625,45.9202076,1.332505977,2.413521986,42.93227425,70.31535222,1.413471259,0.624021544,0
108.109375,49.67947803,0.378149527,-0.255475524,3.862876254,24.60809054,6.780289631,47.24193328,0
129.6953125,43.13035449,0.194578349,0.385063882,13.76505017,47.77881539,3.420163534,10.39953315,0
83.234375,37.36590282,0.746265678,2.722311846,2.262541806,16.37748582,9.308071028,99.70129261,0
116.1015625,54.17114659,0.176530978,-0.39534446,6.313545151,33.44052551,5.437740714,29.17692958,0
131.9609375,41.75119803,-0.145071386,0.707325779,74.30267559,78.74012351,0.151486962,-1.894768721,0
110.8671875,41.92876606,0.367365765,0.733906463,2.77006689,19.96111957,8.028961214,69.11882149,0
119.9765625,49.83009646,0.113357313,-0.151406744,2.401337793,18.73555983,9.258146065,93.64820511,0
106.59375,40.59969164,0.337417948,1.281895477,2.010033445,12.3120614,10.66490523,167.4600921,0
93.4609375,48.14932865,0.291266001,-0.151676535,1.919732441,17.57692825,10.43882487,115.9224805,0
125.2421875,48.21221741,-0.082234647,-0.152250617,1.205685619,11.42736994,14.30177896,256.5369954,0
114.046875,46.13869366,0.460375139,0.443303941,4.445652174,25.29100643,6.23134426,40.35350821,0
142.8203125,46.10271033,-0.234143284,0.025450075,10.03177258,37.8174058,3.813206289,13.67705838,0
112.9140625,42.42954221,0.104533268,0.139369874,1.313545151,12.89283786,12.82142008,191.9452624,0
94.4609375,33.18200339,0.727940596,3.631422313,4.328595318,23.49937489,6.608765623,48.07896235,0
139.625,49.63397274,-0.184104506,-0.015895758,0.939799331,10.09294869,17.07881177,367.4549549,0
85.2265625,36.12266749,0.663930956,2.765535821,2.681438127,15.87033654,8.498761341,90.54841258,0
121.984375,44.33466201,-0.005426869,0.105549416,3.835284281,23.6039392,6.941638786,50.99656915,0
101.0234375,52.06433293,0.295999768,-0.108196744,1.803511706,12.25989551,11.11328266,174.2585601,0
107.90625,39.87900401,0.316463495,0.659530538,2.925585284,16.89457714,7.738151513,73.67653565,0
114.5703125,47.17068137,0.508180805,0.543763996,1.56187291,16.08610873,11.21768179,132.6892305,1
112.796875,44.50813819,0.229526973,0.126304521,4.898829431,27.29111544,5.956797914,36.22838901,0
40.7890625,30.65678258,5.113481058,32.75232488,55.21237458,78.39269585,1.161472115,0.003675747,1
101.078125,41.66357248,0.598632887,1.315340295,3.467391304,21.8597255,7.673624761,64.8944421,0
120.8671875,52.38206562,-0.1231102,-0.550207297,4.116220736,26.56541817,7.2367639,53.75751126,0
117.3671875,53.90861351,0.257953441,-0.405049077,6.018394649,24.76612335,4.807783224,25.52261561,0
99.875,40.14699553,0.503974886,0.995146624,2.515050167,15.4870409,8.514689911,92.11476772,0
119.3125,44.71939421,-0.019701903,0.115633934,1.7090301,12.35649202,11.45882762,177.5906202,0
109.3046875,45.2587282,0.547538909,0.574392041,3.497491639,20.00332315,8.6690706,85.89064431,0
124.9140625,57.95594061,-0.044880791,-0.733680527,2.861204013,21.73200559,9.331689267,90.58011458,0
107.71875,43.39749732,0.421611972,0.459642094,1.569397993,14.94743409,11.5084333,147.0597071,0
142.9453125,54.72949225,-0.185839472,-0.343122651,2.892140468,20.31024187,7.839129817,66.75461172,0
96.84375,44.5265787,0.472147645,0.781350407,2.463210702,15.34833506,9.062014117,103.2747769,0
134.6015625,40.19023899,-0.073834683,0.958882271,2.238294314,17.18391286,9.861973872,109.251406,0
112.484375,53.45237138,-0.024819316,-0.209581953,2.275083612,17.57864549,9.557327242,100.5027572,0
122.96875,48.09446068,0.108653217,0.036374151,1.427257525,13.65688818,11.69219435,160.01886,0
101.859375,44.13734501,0.468946302,0.697230083,1.733277592,13.51259525,10.38288757,137.8139378,0
115.6484375,52.80411765,0.229191755,-0.23025811,1.66638796,12.61945891,11.45091494,170.6596442,0
111.8359375,53.10628749,0.184654028,-0.057586379,3.22909699,21.97359367,7.842435065,65.88541066,0
110.2109375,47.43641342,0.318518785,-0.033158369,2.974080268,17.77968563,7.902673604,74.11414538,0
112.015625,52.78331063,0.303547826,-0.046407333,3.439799331,20.3496745,7.374986696,61.96634719,0
98.84375,39.88292192,0.612728481,2.167104705,2.158026756,16.41144099,10.10050113,117.930302,0
92.46875,34.84540355,0.743092084,3.092162716,27.56187291,71.84514203,2.236179589,3.041460823,0
112.6171875,50.01657867,0.196981864,-0.314346243,1.427257525,12.52718353,13.19238767,211.0170712,0
78.6171875,35.73713079,1.031926832,3.703540551,2.766722408,19.31619305,8.068227055,71.17151743,0
149.28125,46.91630472,-0.115421627,0.192253254,3.196488294,20.62178981,8.512896924,81.83737473,0
149.6640625,48.93542897,-0.288795702,0.025900189,2.469899666,13.87756775,9.610458689,128.9612193,0
90.8046875,49.86654982,0.759447339,0.63730099,2.258361204,16.10939729,10.09200566,117.5479819,0
116.84375,45.67881031,0.169169335,0.232372242,1.279264214,14.6969591,13.23709229,187.9823009,0
116.96875,55.10613871,-0.033026299,-0.445023687,0.91638796,11.35198621,16.44488606,305.6728095,0
132.5078125,52.64963736,0.133739002,-0.134680812,5.893812709,29.59539751,5.385444914,29.50719002,0
138.015625,52.24057696,-0.146346566,0.079739907,0.747491639,9.568785586,20.3105426,479.9981517,0
99.4609375,34.85100033,0.38407633,2.47571452,3.93812709,24.01524428,6.547438679,44.56164556,0
112.203125,44.14506615,-0.007513285,0.609451718,1.586120401,12.09950832,11.96574737,191.1194497,0
112.0,44.26959312,0.371235126,0.553726627,1.970735786,18.21444114,10.39657688,113.7488021,0
125.984375,43.92286996,0.008646193,0.273308611,2.773411371,19.09086691,8.416429689,79.35995747,0
111.0859375,38.69250318,0.222893201,1.287524951,3.897157191,21.42991124,6.543419575,48.11960738,0
139.1796875,49.7244648,-0.137740985,-0.315788005,0.717391304,10.90727405,18.17104343,359.2703752,0
126.8359375,51.71538355,-0.148753014,-0.28287895,4.72826087,26.2690715,6.965947546,51.38449395,0
111.0390625,44.77014252,0.347200157,0.790619099,1.35451505,15.7276062,12.53553735,164.2598851,0
119.3984375,51.73057302,0.118900709,-0.034178876,1.537625418,11.86057897,12.83181274,214.2311122,0
108.96875,47.86944118,0.19049739,0.25584046,3.368729097,22.00080552,7.992034242,70.38114396,0
82.0546875,42.69025588,0.491858538,0.66745062,1.081939799,12.48021745,15.14851203,264.2055586,0
111.578125,47.89973404,0.294649006,0.200201431,4.816053512,29.93967642,6.61701284,43.81633485,0
128.5234375,51.30179773,0.047370213,-0.288825261,3.565217391,21.50950465,7.369965136,60.30353631,0
136.9140625,49.4515273,-0.077083269,-0.138527933,1.422240803,15.93107459,12.60562335,166.7167743,0
68.0,34.79673117,2.392634106,10.16685471,10.62123746,34.36608712,3.99602883,17.93412246,1
81.109375,39.3720702,0.833645143,2.322952718,3.239966555,19.69767591,7.154049985,58.01420162,0
118.953125,41.61483723,0.247796905,1.066128375,3.081103679,15.23344359,7.705838389,85.24508557,0
64.28125,34.64483581,2.845727763,12.81320802,24.60033445,70.6758993,2.605758081,4.863059303,1
94.421875,35.51135588,0.499086302,2.150677443,3.075250836,15.88191235,7.330399266,73.82696615,0
101.9921875,46.67733258,0.258690966,0.10434328,1.731605351,18.72157478,11.18017294,126.4089229,0
42.0234375,33.02708757,3.6688856,19.64800538,87.90468227,86.47995077,0.259049282,-1.504341473,1
132.296875,42.92259737,0.051047905,0.653614389,1.93812709,13.05543306,10.76677732,154.3763954,0
139.84375,44.29454635,0.132098139,-0.118660767,26.54264214,57.03226823,2.191274923,3.694816701,0
112.3203125,41.46118923,0.233953313,0.597433201,2.838628763,21.62352428,8.280117331,71.27591997,0
112.71875,51.19019949,0.183696504,-0.025643753,2.133779264,15.464724,9.667107897,114.0248457,0
100.6328125,43.0017934,0.476247142,0.902025123,10.24498328,41.33292536,4.070021685,15.57367378,0
14.984375,31.6415432,6.056434764,37.83680375,87.14882943,69.73715288,0.416348214,-0.492008325,1
103.8828125,45.0329083,0.192327364,0.120666743,4.256688963,25.18726181,6.987239233,52.59179409,0
121.8984375,51.13689346,0.045058214,-0.126180624,2.798494983,18.96913611,8.325978443,79.03123546,0
95.359375,43.67363592,0.463472227,0.52538013,3.411371237,18.19358016,7.013281232,59.79302541,0
134.5234375,45.77816156,0.059481063,0.145363796,1.430602007,15.96723338,12.09784491,152.8864847,0
113.2109375,42.02503947,0.125478933,0.469896821,0.647993311,9.051728211,21.95558338,559.2452452,0
89.421875,42.97139481,0.582709288,0.895797616,1.306856187,10.46951235,14.92837204,306.1459424,0
129.8359375,51.04023801,-0.036783511,-0.242258415,6.133779264,32.87239181,5.485163318,29.36922186,0
99.4296875,37.00647823,0.559514758,1.821466571,5.204013378,29.07745712,6.022441921,36.89268893,0
110.1015625,39.50985633,0.533112464,1.365198552,12.4632107,46.49885262,3.743877519,12.81896478,0
140.71875,45.57239047,-0.151711603,0.084920325,0.772575251,9.94223031,18.56469558,408.1722424,0
28.015625,36.91036109,4.451623513,20.31296639,61.26755853,65.15805572,1.226451381,0.722550333,1
127.9375,49.8102258,0.344480634,-0.212723582,15.02006689,49.71629813,3.229945068,9.082816316,0
111.2109375,44.75639835,0.049738567,0.126347724,0.887123746,10.24490091,17.11080776,358.504497,0
93.5625,35.03787014,0.465876849,2.696703259,5.590301003,28.79624022,5.689346152,33.93725114,0
117.921875,55.16347996,0.048636313,-0.500305558,1.91638796,17.04753434,10.32973907,117.9920854,0
117.234375,52.1833433,0.37001298,-0.071931153,2.276755853,13.89001813,9.638634521,124.4695207,0
130.8125,45.78375633,0.030206776,0.625118918,2.612040134,18.39855097,8.714793236,85.05839876,0
103.453125,42.2950683,0.310541036,1.014021075,8.614548495,33.80582596,4.353402537,19.49343398,0
91.453125,37.51538421,0.497472792,1.790198284,2.426421405,16.17976267,9.060948511,97.28615622,0
123.6015625,56.17068573,0.125653429,-0.587610537,27.40719064,62.00684164,2.02520713,2.531651468,0
116.359375,50.86036865,0.207320749,0.073077348,1.467391304,11.96573034,12.69363672,207.4956037,0
14.6328125,34.37587978,4.834015379,24.27063395,125.3294314,54.77622617,0.205162319,0.173238772,1
16.5703125,33.73487707,5.529497339,31.52372962,37.71822742,60.37915349,1.587916839,1.760934929,1
101.6328125,42.31187612,0.667673695,1.086732511,0.775919732,10.15580738,17.30353586,363.8950596,0
145.65625,47.66852301,-0.142788916,-0.104241733,1.560200669,14.20910095,12.75577838,192.0357989,0
83.5234375,39.36705572,0.78491861,1.706842028,4.693979933,27.98398964,6.177782765,37.80271441,0
134.453125,50.20658251,-0.108350067,-0.208119926,1.321070234,12.66630867,13.08268739,202.5301844,0
113.2890625,59.61676468,0.042194363,-0.807788259,4.739130435,24.81123735,6.624811467,48.46934322,0
84.640625,42.26973178,1.098219537,2.444728107,0.841137124,11.17098098,17.39266,339.9039957,0
104.3359375,50.51179895,0.443984262,0.198589124,2.025919732,15.49134499,9.0449681,96.51878551,0
34.5859375,63.09486005,2.41619629,4.195093798,185.4297659,77.81271519,-1.091115646,-0.437615964,0
104.46875,48.2222941,1.153136192,1.282658503,128.6555184,92.01525827,-0.263265774,-1.488859201,1
110.2734375,41.59359079,0.221638275,0.673348144,3.93645485,26.45879567,7.272065232,53.64879294,0
53.828125,44.254786,3.004472287,8.92222955,150.5886288,93.99833488,-0.529378181,-1.270118104,1
119.5234375,46.91514362,0.058310711,0.32660048,2.361204013,20.6753444,9.506377231,93.94096789,0
121.0546875,49.68106225,-0.101902712,-0.024235457,4.344481605,27.12257069,7.090717469,52.27918641,0
81.71875,52.87528627,1.482040802,1.538288907,170.6563545,80.76560786,-1.002569924,-0.280000774,1
126.328125,44.01102656,0.043131957,0.184954816,2.398829431,18.34554885,8.558440656,80.16710163,0
106.9140625,44.02609797,0.342539848,0.25520681,3.627090301,22.27063851,7.163068116,55.76741228,0
100.53125,42.41718724,0.507235775,1.27650421,2.219063545,19.52124744,10.07556207,108.363345,0
89.203125,40.58370197,0.463821563,1.25904653,1.10451505,10.53390511,15.556036,312.2377221,0
90.9375,38.83413246,0.684736587,1.909077919,2.606187291,14.75047514,9.049141652,110.470924,0
57.90625,32.20137747,3.250958328,17.30989607,25.54682274,56.80155547,2.413393475,4.922058958,1
80.96875,38.60981447,0.673729116,1.966195337,0.754180602,11.31754081,16.73582653,304.9607134,0
140.15625,39.14624772,-0.11051747,0.909733385,2.484949833,13.76671162,9.043366195,117.2404358,0
105.6640625,48.525811,0.502494438,0.336517376,2.030100334,12.62485857,10.42342373,156.148898,0
97.4375,40.37185553,0.526224097,1.496490755,2.105351171,16.76626465,9.734324035,106.52466,0
105.6796875,36.33286511,0.449778628,1.588637426,2.107023411,14.34449252,9.617131966,118.018036,0
120.390625,53.18588193,0.043834314,-0.288424214,2.931438127,16.10169339,8.01173487,83.08497856,0
131.9375,45.47763015,0.180016792,0.301784342,3.43729097,22.34377755,7.448480714,60.11171573,0
142.09375,46.95799944,-0.157095483,0.054323392,2.668060201,21.8828062,8.554434018,74.43878173,0
66.2578125,46.28972046,1.627878491,3.697592132,7.274247492,33.4068871,5.177427247,27.83718927,1
40.9296875,30.20093738,4.76063117,27.31095198,22.97993311,52.08142196,2.719680049,7.064026397,1
121.7421875,52.62666952,-0.028381467,-0.378408405,3.123745819,18.69661152,8.25431081,80.68534971,0
135.4765625,52.48273002,0.003853342,-0.346712294,4.786789298,29.01315339,6.432424633,41.75844527,0
129.1328125,49.60427324,-0.059831468,-0.220326076,1.198160535,13.14385406,13.47041443,201.6382424,0
117.40625,47.0568867,0.034992408,0.232531051,3.362876254,21.07941093,7.721260224,65.53764746,0
125.8046875,53.8294556,-0.085492855,-0.604316047,2.930602007,16.25670019,8.902363142,100.3679627,0
103.453125,39.27404904,0.587935383,1.594754784,8.591137124,37.45605079,4.577476872,20.46265972,0
115.2421875,38.3174948,0.306150077,0.875146499,1.038461538,13.62984843,14.59437626,227.2567829,0
106.203125,44.44542991,0.304224782,0.546466689,1.29264214,12.38369219,12.55675629,193.7750866,0
125.875,52.43239695,0.31110165,-0.099561515,2.891304348,18.5620146,9.374312751,100.4779685,0
115.9453125,54.70650507,-0.25100249,-0.459500585,2.502508361,16.05407336,9.245624613,103.2324227,0
112.703125,48.51890086,0.198636885,0.306772373,5.045986622,29.86044003,6.237878492,39.03803022,0
122.859375,44.44637471,0.323658592,0.134504964,8.094481605,37.34831444,4.685208789,21.05720716,0
93.859375,37.02442909,0.345821376,1.925633824,2.16638796,16.36876177,9.184135763,97.35602744,0
112.7265625,54.05317331,0.290899405,-0.578098081,2.502508361,14.61223981,9.298429143,113.4157879,0
108.140625,47.37330709,0.322115362,0.058469048,2.455685619,16.52110871,9.130824683,98.31127908,0
115.2734375,57.59363502,0.191573575,-0.394533741,2.285953177,14.00305163,9.763453777,125.8157759,0
112.9765625,41.13667479,0.287577342,0.725999533,1.950668896,12.22168728,10.95261816,173.7497938,0
90.5703125,54.4532029,1.238811579,0.880609879,152.4197324,73.97177722,-0.933087708,-0.371531583,1
128.390625,56.48523512,0.080365372,-0.415183009,3.340301003,22.75624244,7.792548125,64.94347844,0
78.7109375,36.71727972,0.91762333,2.85757849,5.185618729,26.09220838,5.836288371,37.0827873,0
141.75,50.83213796,-0.094906495,-0.274820697,8.925585284,33.13533081,4.12797093,17.86671984,0
65.125,71.10621457,1.008568666,-0.452238868,139.3862876,90.28079355,-0.316841281,-1.613245125,1
83.015625,38.09527209,0.514061351,2.177837052,1.945652174,16.40737321,9.732945847,104.4359766,0
104.1640625,49.92271798,0.480334767,0.069813948,1.652173913,17.49661468,11.36515728,133.6004542,0
131.6953125,50.55760307,-0.04821335,-0.021981998,1.501672241,11.89948836,12.32831062,202.0559739,0
101.390625,42.91128828,0.570746218,0.963874437,6.260869565,29.09631981,4.831480661,23.35762378,0
126.28125,48.53976101,0.023676908,0.133753685,27.20401338,65.92426371,2.031195632,2.191054839,0
138.890625,49.88192846,-0.241816629,-0.237644192,11.68478261,42.93136549,3.689204395,12.49703033,0
102.5234375,48.61406767,0.409335638,0.464820252,4.637959866,22.15678846,6.010294938,41.77222657,0
97.765625,36.38369406,0.685032905,2.438082516,2.9590301,17.8532899,8.020705444,75.52071595,0
125.75,50.9702732,0.096634004,-0.408661026,2.620401338,17.13690843,7.853998783,73.40204569,0
134.9765625,33.24282461,-0.314920733,1.951785743,3.43645485,22.84252786,7.298533591,55.93591972,0
102.3203125,49.37483126,0.461476528,0.492820458,3.277591973,26.09703144,8.220550704,67.62634801,0
138.0859375,46.80962564,-0.007584922,0.178088568,2.309364548,17.42661477,9.428068706,101.0266461,0
119.578125,37.90275579,0.151073056,1.678849283,2.487458194,18.27870473,9.29882852,98.93182841,0
118.25,49.50205173,0.108082653,0.169639224,5.197324415,26.55576312,5.818837223,36.01540497,0
122.2578125,62.85241221,0.078402922,-0.696603865,3.35367893,21.01304329,7.129415644,55.74685599,0
112.3671875,52.9493967,0.087102706,-0.160978938,4.627926421,21.41635021,5.797639069,40.05582145,0
113.4765625,55.27883366,0.10637962,-0.221441311,2.023411371,15.4757158,9.318800753,101.7236687,0
98.953125,43.50823546,0.59606921,1.345104995,9.718227425,40.60462808,4.536444835,20.11474881,0
112.953125,42.98052964,0.153859282,0.434479996,1.413879599,15.60722245,11.91019989,149.0584099,0
96.3125,41.47848652,0.566614165,1.158834437,2.574414716,15.40724695,9.061327574,106.2126468,0
102.4140625,43.94359441,0.283450145,0.480460577,8.597826087,37.19515507,4.541610351,20.15982986,1
122.234375,51.2233901,0.319746509,-0.179605483,2.64632107,19.33789913,9.733635685,103.5757343,0
124.203125,56.9800348,0.220996866,-0.55463119,2.568561873,21.13160265,9.144592417,87.40134769,0
126.2890625,44.28779324,0.36307378,0.468434843,1.783444816,13.04228113,10.72316651,152.9057304,0
96.90625,38.25151907,0.707673542,1.567819123,1.960702341,18.27203286,10.53693898,117.5304894,0
136.171875,44.25001931,-0.104307373,0.331664992,2.567725753,14.69009615,8.81034751,104.0572686,0
26.2109375,43.75225929,4.021960919,16.03378918,111.4397993,76.77187173,0.011576799,-0.956620612,1
71.984375,79.08440748,1.086364722,-0.5356664,176.0150502,60.6623401,-1.081765182,0.377426241,1
112.5859375,39.1472635,0.018943574,1.566673172,1.377926421,10.69613663,14.63770831,290.0193681,0
118.703125,46.93135935,0.291791003,0.299325133,2.391304348,14.7537442,9.944732254,129.8977708,0
138.09375,54.32403323,-0.276243522,-0.251373854,86.85117057,81.51089709,-0.103733106,-1.936211824,0
116.9296875,55.03268682,0.295870987,-0.259980394,1.18729097,15.01866305,13.36470637,185.3036351,0
137.1640625,48.07233764,0.030262903,0.126129917,3.206521739,19.72549895,7.41926285,62.85850343,0
116.828125,50.66836251,0.077752939,-0.418057563,1.059364548,9.86602499,17.42864586,390.2915806,0
102.0078125,46.04540831,0.472770207,0.441978284,1.841137124,14.45057937,10.90055661,140.1958864,0
94.390625,37.91380734,0.740810936,2.371051762,1.974080268,14.08675332,10.16932947,129.9425932,0
124.5390625,44.17470684,0.096689237,0.231988788,9.107859532,39.34015843,4.320731916,17.49474739,0
99.6015625,35.95555847,0.377894085,2.091819403,2.653846154,18.17075024,8.249660544,76.37862035,0
116.1015625,42.33826576,0.156819789,0.386706583,1.040133779,11.01542221,15.35201556,287.3521665,0
109.453125,48.28105532,0.12658024,-0.250871768,2.988294314,20.52060381,7.790483695,64.66699258,0
122.65625,51.11421608,0.08964345,-0.244208706,2.316053512,14.83162275,9.348372274,110.6686823,0
129.1015625,48.69192692,-0.223204949,0.181625309,4.491638796,25.10741,6.166218462,40.28442088,0
115.515625,49.2823473,0.056001691,-0.359748328,0.757525084,9.388835711,19.29383965,466.7812113,0
100.609375,40.74333427,0.473483756,0.767275718,1.348662207,13.96823941,12.84103941,191.0290325,0
99.9140625,43.91949797,0.475728501,0.781486196,0.619565217,9.440975862,20.1066391,475.680218,0
100.65625,38.93954399,0.609975593,1.206100405,1.515050167,14.92928507,11.59096496,148.913882,0
122.203125,38.51366628,0.222901582,1.607797135,12.20401338,42.91313288,3.757430936,13.70735607,0
111.96875,49.20745902,0.2857377,-0.040558666,77.57441472,92.96061478,0.379219019,-1.822322081,0
95.0703125,44.27721331,0.138561472,0.661345681,2.142140468,13.35180759,9.881606723,134.2314103,0
100.6171875,44.66089612,0.186174955,0.533607542,2.52173913,15.03481008,8.77407499,99.73948875,0
107.609375,44.30332845,0.43045373,0.979516405,2.719899666,16.18794212,8.833327598,98.69244621,0
111.9140625,47.88593663,0.32342013,-0.046592474,2.662207358,20.37605347,8.874419533,85.16075914,0
103.609375,50.68888475,0.668726528,0.229318786,2.677257525,18.73453479,10.46275081,120.9264467,0
113.796875,49.34672598,0.140657219,-0.35031823,2.236622074,17.89761003,8.804395879,84.07633003,0
86.375,36.69851836,0.783249421,2.204981296,4.092809365,18.94673704,6.239517541,49.48271919,0
124.765625,49.29510694,-0.009283868,-0.370240103,2.256688963,15.09984043,9.689982882,114.2259608,0
132.2890625,54.76443194,0.15619624,-0.359317205,5.33277592,23.42110422,6.080430921,43.46528117,0
125.703125,47.32688179,0.025546299,-0.127563553,1.860367893,17.09538657,10.47638756,116.7987093,0
143.7578125,58.89247964,-0.270217682,-0.469367619,10.41889632,41.75154587,4.124787402,16.07476751,0
108.1015625,52.57091042,0.360871395,-0.025096321,1.922240803,16.86761776,11.09273637,135.1611947,0
90.3359375,44.84596507,0.509367856,0.480307341,25.48578595,64.60579433,2.162228241,2.745630212,0
93.4140625,32.92190744,0.541928639,3.546033051,1.954849498,14.50808683,10.83580382,142.6745997,0
94.609375,54.49601969,0.771788972,0.120272844,122.993311,107.9474895,-0.181645431,-1.836730654,0
134.375,53.37719551,-0.309115881,-0.309291636,41.90217391,75.70805987,1.368775028,0.066871191,0
50.046875,43.36650842,3.050856886,9.748345285,58.7006689,76.48383242,0.819235603,-0.88260064,1
128.1796875,50.13737902,0.21875137,-0.328929678,1.654682274,11.32029816,12.85421616,233.0357147,0
105.125,52.36828716,0.243955299,-0.357901517,0.663043478,8.571517279,23.41509217,655.6148747,0
107.3515625,40.59529488,0.442126289,0.900034133,1.610367893,15.37737206,11.44640477,144.8656307,0
105.546875,39.22169747,0.269671956,1.377361057,3.37541806,22.36655779,8.075518784,71.57438717,0
134.9296875,43.71466137,0.177293674,0.151389101,5.448996656,27.44684569,5.583807193,32.49567399,0
143.7109375,47.21959212,-0.193884989,0.190579156,1.191471572,9.935542807,16.58796639,371.4528926,0
125.578125,57.88169634,0.119038654,-0.319757741,2.927257525,18.57612628,8.415937787,81.68942257,0
108.09375,52.13315846,0.559001978,0.263901659,2.025083612,14.78104543,10.79903329,141.8293064,0
133.125,50.3445938,-0.155077771,-0.172956826,2.489966555,14.72339388,9.389158839,115.6784713,0
119.9296875,55.432699,0.286052109,-0.362257295,15.30183946,49.58820421,3.182964402,8.851834229,1
145.84375,46.9726379,-0.137448479,0.151721016,7.697324415,33.13964615,4.7738301,23.07280462,0
123.2734375,52.28851972,0.250988771,-0.141899495,3.227424749,18.1845367,7.866694578,76.32354359,0
133.8984375,53.1149755,0.045854171,-0.368769008,4.155518395,26.32726046,6.932071107,49.49047361,0
108.75,49.95232102,0.22912387,-0.380543838,1.663043478,15.6613195,11.33026158,142.8284114,0
82.1640625,41.33131707,0.674340851,1.733697432,2.081103679,13.34502065,10.11340172,137.8719478,0
113.265625,52.81919105,0.236806873,-0.487567425,1.843645485,14.56928326,12.1081566,172.9597901,0
112.765625,47.70686605,0.004560416,0.248862534,2.484113712,15.8313831,8.934972564,98.05899092,0
117.0625,57.45837488,0.445556843,-0.167951438,8.545150502,34.98390172,4.487452627,20.20063512,0
107.3359375,54.98284922,0.173235756,-0.468154216,2.143812709,14.15889477,11.28843237,166.6249597,0
132.671875,60.74113996,-0.315711775,-0.456403982,3.301839465,16.83567134,7.039330295,64.31356306,0
145.203125,44.4951471,-0.329708776,0.128347982,3.530936455,17.51520733,7.227203047,66.49982271,0
104.328125,39.39089151,0.315366203,1.207167665,1.820234114,13.92233445,10.88432561,145.8387811,0
113.1171875,47.34722489,0.230998641,0.134152129,1.799331104,16.17080236,10.37532035,118.131919,0
102.78125,44.88856646,0.711608951,1.248966476,2.346153846,14.11961243,9.165034591,114.9086501,0
99.3046875,46.18552239,0.641643472,0.709734229,2.031772575,17.67967468,10.74145316,124.2742827,0
86.3125,44.03811382,0.355477038,0.437271542,1.360367893,11.37112172,13.8671164,246.5188064,0
145.40625,50.00475563,-0.27204904,-0.087419275,1.397993311,11.86337198,14.37380054,258.1662205,0
55.484375,39.5663968,2.696052092,9.30684456,46.07692308,76.21677917,1.55500491,1.007749819,1
121.84375,40.74874183,0.137360862,1.231334637,2.086956522,13.37693056,10.53203558,147.25912,0
114.0703125,49.16286448,0.244839473,0.190307659,2.142976589,16.98712258,9.218707393,94.16148289,0
108.7578125,47.47083744,0.233883385,-0.011839737,3.428929766,22.80572595,7.431087285,58.33907469,0
107.4453125,51.30832178,0.429457252,-0.08537419,1.975752508,18.57715307,9.967176562,102.4423948,0
109.2109375,39.40210423,0.535127067,1.88769848,2.421404682,19.76106464,9.120967561,87.96243863,0
117.984375,49.07519491,0.271977946,0.313659493,13.77926421,45.28094874,3.234842634,9.235389087,0
113.0703125,49.88254698,0.212985909,-0.24729305,2.275083612,13.38260294,9.648232285,131.0576903,0
123.1953125,50.86610159,0.08148965,-0.270929637,3.311036789,23.31133429,7.985741072,66.81812131,0
127.046875,62.17702291,0.05178759,-0.737899555,2.211538462,14.58281279,9.326137375,111.1501234,0
160.5703125,55.53091532,-0.788336545,0.053377382,167.4122074,48.02180196,-1.039201787,1.88801637,0
74.25,40.62653843,1.581929463,3.703968084,10.81939799,41.9128634,4.136097276,16.55925567,1
115.2578125,51.89205233,0.423545876,0.16926548,16.98076923,54.41181812,2.927019551,6.705999998,0
115.640625,44.06240858,0.048738419,0.161113734,2.68645485,13.89561601,8.610229993,110.0640383,0
106.390625,52.20605724,0.202892036,-0.299346956,163.6204013,48.65649563,-1.356872377,2.38157552,0
123.609375,54.92668898,-0.005501459,-0.48872364,3.72993311,23.90564242,6.885762308,49.09018423,0
93.2265625,38.99623677,0.658644046,1.880423913,3.640468227,23.26938724,7.385200331,58.21596095,0
153.0390625,44.33262102,-0.411177193,0.918937774,1.544314381,12.17708837,12.73885615,206.2572376,0
61.71875,32.30154251,2.266660549,11.18402964,14.74916388,47.31498689,3.201231706,9.087746535,1
94.53125,41.05159435,0.543026761,1.583371178,1.785953177,16.31825014,11.10214399,133.3300851,0
107.015625,48.75993238,0.217235444,-0.191250636,9.358695652,34.96291776,3.998266394,16.08290567,0
139.421875,49.48573175,0.02324855,-0.069299005,2.256688963,12.47888506,10.26890483,158.3247238,0
111.390625,45.31577305,0.384942801,0.022779077,1.150501672,10.40850042,16.0969141,331.1718602,0
125.6484375,55.50557261,-0.017358015,-0.641545522,2.060200669,15.11736873,10.89379514,141.2611158,0
105.2421875,51.10157564,0.300826005,0.084469132,1.622909699,13.04516634,11.30175955,161.3075373,0
112.1171875,53.52447178,0.279302535,-0.369302266,3.074414716,18.31520689,9.461547277,106.0260119,0
88.7734375,32.70588987,0.758554843,4.0889698,22.2993311,62.94490371,2.486482452,4.243874885,0
112.8046875,51.66842281,0.195714403,0.059444745,2.970735786,22.28145396,8.348756485,73.57259664,0
118.4453125,44.05639294,0.146982248,0.715035241,1.190635452,14.65930067,14.15355622,213.4854629,0
153.484375,54.04714151,-0.552367375,-0.0759317,1.733277592,12.16524724,12.16736505,194.6986151,0
122.7421875,50.04002243,0.083658295,-0.401371388,2.467391304,17.04483877,9.34714862,102.0631038,0
128.5859375,46.42980713,-0.20335133,0.207311329,8.469899666,34.20012806,4.672584273,22.62399504,0
97.3046875,45.62646549,0.521163219,0.549105354,5.735785953,27.17665651,5.124041978,27.50086783,0
117.1875,49.64022909,0.348276021,-0.084904182,2.211538462,14.97722576,9.457896309,112.1484474,0
111.5390625,50.55750166,0.517600225,0.365553752,6.918060201,28.59645957,5.119911409,30.11055342,0
138.2421875,46.26211769,0.0371977,0.120369771,3.616220736,17.95513838,6.532528787,53.89829685,0
114.4765625,59.50419692,0.329830524,-0.496887464,18.73076923,54.45721302,2.76891555,6.203985902,0
100.3125,48.39239836,0.714820815,0.683509991,2.263377926,18.16396972,9.967299161,107.6512161,0
107.4453125,51.55697828,0.412989953,-0.214228252,1.724080268,14.35022247,11.47399087,152.0257932,0
115.140625,56.67874579,0.280801153,-0.665421336,3.421404682,24.5935456,7.924505207,65.46812822,0
92.6015625,49.78851208,1.005287247,0.57183843,23.74749164,58.85833953,2.420901795,4.698282981,1
105.296875,44.86983943,0.182750464,0.119984702,28.14214047,67.50919568,2.138414375,2.88143893,0
122.2890625,59.47808845,-0.067642157,-0.694500424,3.386287625,25.05271257,7.858726646,63.23728822,0
106.1171875,49.31065762,0.397166684,-0.188747356,2.433946488,17.5785809,8.610050252,83.48460777,0
122.09375,49.05074501,0.232514001,-0.02207269,3.363712375,19.46171065,7.644429395,65.66424096,0
112.2109375,40.22896429,0.380674692,0.779623807,2.262541806,15.10558054,9.570015921,111.8705814,0
100.3984375,39.28369172,0.369517807,0.901278265,2.649665552,21.38761187,8.520891954,74.55435958,1
103.3828125,51.14869883,0.55394402,0.308591935,2.470735786,18.52400539,8.791835052,85.07472868,0
134.2578125,55.23150795,-0.435556592,-0.466186652,3.594481605,22.83890661,7.021527974,51.52754877,0
60.1484375,58.90207576,1.891733344,2.847152617,72.72658863,95.55843436,0.706898444,-1.277403983,0
111.1015625,51.90328142,0.263218807,-0.020184763,1.821070234,13.86411928,10.3503568,133.4890801,0
105.1015625,52.52556518,0.369176023,-0.096195995,3.497491639,22.59977862,7.555514385,61.20275831,0
133.1171875,46.95170742,-0.078331749,-0.025763123,1.970735786,12.97398915,10.52478706,151.2808251,0
114.15625,47.72339532,0.22032968,-0.220129922,0.727424749,10.22003494,18.40638877,389.5627885,0
90.7109375,41.35765353,0.5497454,1.342956285,2.735785953,21.03537609,8.520323784,76.61189344,0
156.6015625,52.44123792,-0.812555637,0.20642443,160.8118729,82.85947664,-0.915852922,-0.525586078,0
119.921875,47.1196299,0.413144283,0.15596152,1.712374582,14.86300476,12.13914794,172.6504247,0
118.2734375,54.16204201,0.322811947,-0.047655296,2.996655518,21.72032606,8.234814648,71.139476,0
106.5078125,47.774862,0.679218671,0.359940964,3.199832776,17.57019462,7.345886231,67.01579785,0
110.7578125,44.76583974,0.28989748,0.098779021,5.281772575,27.25661594,5.851949166,35.80385409,0
87.109375,36.06054682,0.737664351,2.716326969,2.56187291,19.75985469,8.771768903,82.96544022,0
96.6953125,60.46752209,0.478161846,-0.767792176,23.03344482,51.40058969,2.704796651,6.983626797,0
130.8515625,46.12518459,0.044717669,0.094759926,2.673913043,16.93995954,9.129653122,98.66897197,0
119.3984375,44.05542316,0.133254267,0.259011136,2.959866221,19.23125577,7.960353312,70.65581109,0
113.8515625,49.30740466,0.346308225,0.193076957,2.595317726,19.72168674,9.452831075,96.56508926,0
116.1640625,47.78708922,0.278877735,0.398112692,2.033444816,13.70541303,10.79407794,150.4091898,0
138.2890625,40.2566284,-0.125631383,0.791269777,4.662207358,22.95093523,5.900749,38.40228238,0
31.8125,33.94751234,5.109232055,28.39143769,76.30100334,74.62417341,0.76994675,-0.412583924,1
110.9921875,56.74869163,0.529349357,-0.628164665,160.493311,96.80331638,-0.971316195,-0.94151086,0
126.0703125,42.51345074,-0.038228974,0.37434448,2.31270903,14.59248692,9.682617636,118.9081514,0
112.3125,47.15860042,0.556695553,0.653352827,1.22909699,14.19487011,13.91668216,211.6771892,0
141.8203125,42.40659471,-0.271199219,0.66187237,2.567725753,14.25465699,8.664583619,105.0213505,0
104.703125,47.54099536,0.291162667,0.050900037,1.331103679,11.68113431,13.50663938,233.4109326,0
96.28125,42.3355158,0.34462798,0.859102544,1.514214047,13.40040552,11.56372048,162.6860357,0
115.2578125,41.62560925,0.130971571,0.258854879,108.9774247,83.68040407,-0.48905346,-1.658136503,0
107.25,52.22397677,0.891819809,0.254157798,3.740802676,23.02869464,7.978906724,68.01489165,0
16.5234375,32.93102755,5.621086451,32.82642694,94.19481605,71.69499224,0.55342957,-0.41287012,1
80.359375,33.67392685,0.937884777,4.786204256,1.127926421,11.96201581,13.8630795,229.1983469,0
114.9140625,53.7808091,0.419768208,-0.143896977,3.064381271,19.89479106,7.982611001,70.28295687,0
131.65625,51.24701782,-0.105251488,-0.144740484,1.849498328,12.51497129,11.150694,169.7521542,0
110.3359375,46.29073837,0.403395357,0.308247035,1.43729097,12.39808948,11.5915209,175.1724556,0
120.171875,48.5573291,0.070805803,0.144250439,3.093645485,17.47864229,7.988286011,77.52577071,0
124.9453125,49.73764115,0.499573962,-0.180453059,3.620401338,18.65201627,6.873297463,57.18901047,0
117.2265625,48.86768085,-0.116095725,-0.007381219,2.891304348,19.14147884,9.020463504,94.83266212,0
123.9375,38.86691033,0.262159929,0.717384881,1.898829431,12.26023422,11.23222603,176.7083655,0
125.671875,46.67207901,0.067362187,0.067512049,92.97157191,83.20726546,-0.1856052,-1.883472466,0
92.2265625,35.79743681,0.561321992,2.620863648,2.663043478,21.2187446,8.448437639,73.09445194,0
119.5,40.45715326,0.782728394,1.43310841,13.20819398,42.76840447,3.266210385,9.76710015,0
126.15625,49.5253151,0.040942431,-0.219561331,3.525919732,18.77445332,8.133840756,82.87257495,0
103.3984375,45.73656562,0.245459116,0.049954381,1.973244147,15.76359486,10.44891822,129.0687445,0
116.578125,48.78790343,-0.067445207,-0.289187902,6.627090301,31.1792434,5.072407302,26.09163915,0
92.7265625,46.77050266,0.66921846,1.316606951,6.376254181,29.47561043,4.915884945,24.47807993,0
116.4296875,49.25026707,0.158967597,-0.018165291,1.722408027,11.91321178,12.81351436,218.5737243,0
124.5078125,52.81053933,0.285208613,-0.418974548,2.909698997,17.04342887,8.265031758,86.20762342,0
108.2890625,51.48409226,0.191842128,-0.229348321,2.826086957,16.20262134,7.704806263,76.69292895,0
104.1796875,44.72003773,0.362391002,0.487412234,0.75,9.687692171,18.86876778,432.3867746,0
109.78125,52.32171178,0.367746953,-0.227498853,3.984113712,21.90483175,7.064683152,57.19666576,0
129.78125,49.01911896,-0.131404115,-0.092683848,1.964882943,17.96136985,10.36549191,114.1149292,0
116.2265625,42.48588274,0.273692976,1.259573808,5.403846154,28.59040614,5.787260303,34.78619146,1
105.0859375,44.86891103,0.25672944,0.828075535,1.911371237,12.8216674,11.27927956,169.274907,0
127.8984375,49.87701121,0.131541431,0.134090472,1.031772575,11.24457478,15.51815754,284.9066257,0
151.609375,43.88234169,-0.263480604,0.266983591,1.391304348,13.97450107,13.10261157,196.2178094,0
91.8046875,44.41161493,0.309584269,0.604835012,2.153846154,14.15666324,10.44011134,140.1962868,0
129.65625,44.55902642,-0.090884066,0.34408319,4.547658863,25.95081989,6.531528751,44.78203974,0
160.203125,47.57729884,-0.307422633,-0.129293193,58.74080268,84.62415257,0.765594987,-1.367776003,0
107.4375,51.11900179,0.307120693,-0.281142765,1.643812709,14.45527829,11.07662293,141.9954879,0
108.9140625,42.67501233,0.346964991,0.474779994,2.914715719,16.39574597,8.880532036,102.3659714,0
64.546875,37.91723293,2.393784319,8.725899465,74.34615385,88.4348422,0.636055191,-1.120644764,1
127.765625,53.13286477,0.121560998,-0.253443723,3.423076923,20.69147311,6.899169056,52.47837357,0
125.2578125,42.64318639,0.200850454,0.24765118,1.655518395,16.44159811,10.9678345,127.7389484,0
142.5078125,45.52283014,-0.328162243,0.181163155,2.632943144,20.81330979,8.759265126,80.59089424,0
114.3515625,45.42706893,0.432821613,0.531318183,5.323578595,24.3624007,5.481053402,32.86354442,0
120.1796875,48.44398079,0.087662994,-0.225399576,2.08277592,14.5343212,10.04125984,124.7180503,0
128.390625,54.43979392,0.003283514,-0.566704925,2.672240803,16.57060293,9.119079332,102.3013386,0
121.4453125,47.63858215,0.067670624,0.210261338,1.861204013,13.06482934,11.36075968,164.1661484,0
106.3515625,40.06997587,0.218772321,0.9376554,1.532608696,12.74019159,11.85639146,176.5797472,0
152.265625,51.68647737,-0.313064792,-0.036842247,24.25,59.28938335,2.286334138,3.792260159,0
92.6015625,40.20967309,0.75923722,1.462923894,1.286789298,11.19896941,14.01775514,255.2742821,0
115.3515625,44.75394358,0.118678418,0.099693988,9.908026756,37.0462953,3.819093385,13.78378325,0
131.8984375,52.41925932,0.018165775,-0.40182921,93.03511706,100.8329711,0.332759626,-1.702262636,0
127.7265625,38.11694891,-0.031203018,0.993090585,4.50083612,26.04939672,6.308897455,41.53304933,0
112.0625,46.45507743,0.293542744,0.156486147,1.348662207,14.06535177,13.55405334,206.3294296,0
119.8515625,47.74036059,0.525983818,0.305539561,2.955685619,18.05585563,8.356073785,83.40296711,0
100.7109375,58.65512983,0.609798293,-0.080564269,2.910535117,16.79144718,8.233593806,83.77781206,0
38.71875,28.33503174,4.756850092,31.2113446,65.59698997,79.19010903,1.062862749,-0.137074853,1
136.125,57.96523743,0.157111211,-0.555772288,2.382107023,16.11773097,9.16212391,100.398098,0
98.3828125,45.34711972,0.40531548,0.366485922,0.555183946,9.568069715,20.75057386,479.8905497,0
113.546875,49.50029346,0.130001201,-0.202839025,2.407190635,14.42205142,9.310343318,113.6874714,0
114.078125,53.62975057,0.393699948,-0.331209205,1.968227425,15.17194627,11.23455493,148.9183192,0
125.6015625,42.88326084,-0.101687543,0.440003428,2.849498328,15.18131524,8.379150973,94.05966799,0
106.7109375,45.83464716,0.38832621,0.730807208,3.122909699,18.82263928,7.546147395,64.78468443,0
108.640625,44.17909828,0.444184692,0.748719918,10.47742475,40.45463199,4.01155887,15.33832659,0
147.8125,49.96651222,-0.128098098,-0.012898546,1.85367893,15.48484516,10.81818614,133.2022194,0
139.9375,53.43903507,-0.039383945,-0.284501247,2.052675585,15.38180965,10.68356799,138.3291523,0
129.734375,45.05335108,0.083676522,0.468948983,2.538461538,15.28730512,8.802930828,98.8726903,0
119.875,45.75017076,0.332089178,0.377847079,3.316053512,18.22450415,7.651184838,70.80494473,0
140.7421875,51.76090557,-0.018870174,-0.019789482,2.294314381,21.47294326,9.57119071,92.39616677,0
108.2109375,42.35815527,0.337915427,0.802345146,1.963210702,18.81102958,10.63971061,117.831193,0
41.4375,36.37301326,3.747868961,16.73123899,20.3235786,58.60750188,2.903790388,7.148413884,1
114.2109375,52.97178676,0.105704505,-0.481420548,6.794314381,33.9213802,5.408676884,29.43892242,0
127.46875,53.68134241,0.009769425,-0.548990547,3.385451505,22.72393775,8.394011856,73.90099972,0
116.796875,44.43101383,0.065484254,0.660125018,7.10451505,34.35120031,5.04938044,25.15975443,0
134.6953125,45.31962161,-0.135417258,0.357238798,1.821070234,12.02463014,11.33020263,183.93621,0
111.7109375,45.10130132,0.406641473,0.426707598,1.253344482,10.03164877,16.42066085,362.4838024,0
148.4453125,50.52548995,0.017066273,-0.305790112,2.200668896,17.92635994,9.938955126,107.0258387,0
138.0078125,43.18736362,-0.114866356,0.499979512,2.628762542,17.77768627,9.177954869,96.75388885,0
71.6875,42.10807338,1.208165623,2.246937529,80.81103679,96.41216433,0.523340954,-1.528430595,0
114.1484375,55.40547833,0.084815102,-0.360459507,2.320234114,14.01212895,9.101555984,113.8692066,0
75.09375,39.7215774,0.986624227,2.123643591,1.670568562,13.77707744,10.81636569,144.2802082,0
99.5390625,42.24406437,0.492481087,0.498919753,2.74916388,15.24588736,8.318214529,93.70691571,0
93.1640625,44.12195056,0.667654656,0.807636606,3.547658863,21.92889626,7.609522407,63.34297284,0
115.796875,41.37261311,0.078444812,0.388073848,1.967391304,13.28141912,9.935226299,135.5777579,0
146.5,56.18760428,0.062160338,-0.558265446,3.525919732,22.5036637,7.619547996,63.49547767,0
106.5,46.85716327,0.194971812,0.195138691,31.57608696,61.76721644,1.69389221,1.348606691,0
111.078125,45.00288348,0.466907338,0.802045351,2.724916388,16.65186767,8.559249937,93.78663872,0
90.234375,44.01411073,0.815599722,1.141763994,3.591137124,21.75438806,6.782996309,49.98373208,1
138.46875,59.17570995,-0.33004083,-0.55299028,8.722408027,33.52451107,4.257050558,18.90214154,0
133.109375,48.32591734,0.109700367,0.193379651,2.717391304,15.20012757,8.583384628,98.48680594,0
128.1171875,45.50714592,0.197436315,0.335259573,3.775919732,18.96357066,6.788435238,57.75732275,0
119.0859375,53.7171451,0.206402807,-0.473705761,5.819397993,25.14361741,5.328360339,33.04785106,0
87.0078125,36.28930974,0.762927001,2.644580043,5.886287625,28.05641914,5.181919535,27.97597768,0
110.1328125,42.72136671,0.414037135,1.371338233,1.001672241,13.77889171,15.28872515,243.3787729,0
123.0625,47.4856475,0.109090306,0.019944733,1.93645485,13.96678964,10.22278986,130.9273401,0
96.515625,41.61448523,0.460483269,0.778586495,2.305183946,18.1979456,9.493299466,99.6564699,0
116.546875,43.39550297,0.137482233,0.318378531,1.632107023,11.21245601,12.95257673,238.3708919,0
111.9453125,50.53654442,0.198879212,-0.075979121,8.694816054,36.99868487,4.58813153,20.76882375,0
130.9765625,53.14726957,-0.031331046,-0.366692827,3.252508361,21.25206546,7.640024085,62.81330617,0
109.453125,44.09858618,0.093507346,0.545379576,1.641304348,11.59932819,12.58121792,217.9291145,0
99.015625,44.55579094,0.441214347,0.413004355,2.581939799,21.05616335,8.825088022,81.3105205,0
118.2734375,51.16299243,0.119516164,-0.0833636,3.386287625,22.55230886,7.399759524,58.11793353,0
109.375,48.21323081,0.10997696,-0.08293341,2.199832776,13.84050451,9.668791448,126.3002605,0
113.09375,51.31709594,0.227636447,-0.076085372,4.678929766,24.21577178,6.090629236,40.31054611,0
128.09375,48.72859105,-0.020146845,-0.18248301,7.221571906,33.36900064,5.144691741,26.93512941,0
105.5234375,76.08680947,0.589987688,-1.022955053,23.8770903,44.2263951,1.759258015,2.575359396,0
101.265625,49.33566224,0.47364831,0.205596118,4.096989967,22.53575289,7.088831572,56.07494317,0
135.921875,52.8672585,0.000505063,-0.132671421,0.956521739,10.09684457,16.78257025,360.5597251,0
112.53125,47.74949893,0.009085545,-0.171365931,3.517558528,21.00120699,7.437676802,62.25621633,0
167.59375,59.11845068,-1.118709486,0.264552115,184.2265886,70.00318671,-1.512206935,1.517343709,0
99.0078125,44.00647965,0.401253107,0.689557859,1.580267559,13.40110857,12.54548732,184.1413831,0
119.484375,46.26097579,0.057837081,0.244327803,2.964046823,17.57067558,8.119219977,81.23179816,0
125.859375,54.82952763,-0.135011693,-0.258923515,3.561036789,22.12749134,7.479138282,61.71049583,0
97.6171875,39.85738661,0.846051574,2.037360472,2.378762542,16.85987451,8.999388864,94.48380572,0
139.0234375,47.00157325,0.027858071,-0.04775514,4.163879599,21.26339593,6.164601928,42.75815394,0
136.71875,42.77319135,-0.18477613,0.329151721,2.836120401,17.55849944,9.466977112,107.6781793,0
120.3203125,51.38730595,0.102889117,0.090306417,2.331103679,17.83777893,8.734730839,83.90667908,0
106.9921875,41.04618133,0.233246715,0.977525389,2.578595318,22.24986588,9.246426096,88.11136823,0
108.2109375,44.74906639,0.294405297,0.552448555,4.62541806,25.99144745,6.163470619,39.39258984,0
84.2109375,37.4292358,0.667545723,2.068823653,2.446488294,15.45366294,9.292014263,105.9913233,0
65.2265625,35.69690437,2.291890704,10.11847881,15.51505017,48.87242564,3.185366727,9.164035552,1
110.046875,53.87657471,0.441956906,-0.112191243,3.100334448,17.81937336,8.434319701,85.66556393,0
92.4140625,48.54307484,0.716013441,1.124653024,3.974080268,23.94346387,6.998795853,53.32222224,0
104.546875,51.51378144,0.438275251,0.072167116,2.868729097,16.30818347,8.323439778,87.51987032,0
110.15625,48.31689623,0.268489819,-0.087686853,1.408026756,13.75152418,12.29433069,173.2193493,0
100.890625,36.56548799,0.247345878,1.463629724,1.585284281,12.01289375,12.22915688,198.3949571,0
125.828125,35.48153335,0.097658518,1.984314908,1.341137124,11.34724106,13.51255094,241.1865874,0
116.7265625,47.23672347,0.240128585,-0.244318139,3.454013378,20.37439025,7.125129693,56.59290154,0
131.7890625,54.27946382,0.299075552,-0.275467145,3.743311037,22.75722893,8.301567337,74.1890787,0
112.2265625,52.76794938,0.537498392,0.016036783,3.658026756,20.3202852,7.187215029,58.74978745,0
94.5078125,41.64207534,0.671863057,1.111863323,0.585284281,10.00151749,19.8127068,431.3046709,0
95.265625,45.7703992,0.524977018,0.841960227,2.593645485,19.59784883,8.765387759,82.61026504,0
138.953125,51.51089984,-0.005120013,-0.20251807,67.84280936,86.00099385,0.505032049,-1.683726735,0
133.2109375,53.3573818,-0.111524822,-0.392228929,8.069397993,38.62318217,4.805242106,22.02576845,0
108.0390625,51.91615872,0.044885365,-0.605976502,1.06187291,14.91591318,14.77508523,223.1252213,0
110.234375,51.27430588,0.210045111,-0.210049933,1.862876254,14.28237424,12.16651785,179.2821243,0
114.8828125,44.84950897,0.437513489,0.53176279,2.572742475,15.70768381,9.863247015,122.6499072,0
134.71875,44.4284779,0.035439971,0.31422721,100.3645485,92.94734123,-0.073423523,-1.869605293,0
129.40625,50.62445023,-0.082171352,-0.26030591,8.175585284,34.01014416,4.21216424,16.92342947,0
110.78125,50.94711374,0.210124578,-0.177414184,3.357023411,21.41531801,7.012186539,52.57281265,0
85.203125,43.58600682,1.140160744,2.280304897,4.195652174,27.13958434,6.859586375,47.7281995,1
122.453125,52.10534092,-0.152276654,-0.5844507,185.5150502,63.46670268,-2.198555324,3.546672654,0
86.578125,36.94645817,0.520048279,2.375737303,1.307692308,11.80764056,14.21795993,248.389691,0
125.421875,51.55270504,-0.222883196,-0.068035349,2.595317726,20.85641576,8.675831174,78.18951554,0
112.4765625,42.84601149,0.19327656,0.537732982,3.18729097,21.66023063,7.672440191,63.86476998,0
100.515625,36.47987124,0.591290886,1.937280597,2.175585284,17.13245485,9.131698471,92.19976092,0
123.6328125,51.5716842,-0.069734331,-0.343127501,23.39715719,59.18994953,2.330160532,3.89905342,0
121.3515625,41.30499929,-0.056845358,0.778311305,6.205685619,29.75352206,5.066360719,25.97466814,0
154.078125,52.57043034,-0.247130917,-0.344732473,24.74832776,58.78056557,1.995913625,2.126824675,0
119.3671875,58.86887854,0.079528001,-0.57403832,2.523411371,16.27014687,9.368013893,106.6769054,0
116.21875,42.60372224,0.211629554,0.546164917,1.618729097,13.84862442,11.00206572,144.8214876,0
113.5,46.85766346,0.380493725,0.177691463,6.141304348,33.86552592,5.74195113,32.37617375,0
77.578125,40.37105425,0.760242815,1.615264643,1.7909699,15.91752737,10.85256047,134.3834716,0
119.875,49.47379357,-0.01174262,-0.190505819,3.163879599,17.79612993,7.414603808,65.99908296,0
124.078125,48.30932386,0.093977837,0.233326458,4.399665552,26.84579026,6.650773353,45.64719161,0
121.9140625,44.65913039,0.213421612,0.372465652,39.84448161,59.65624124,1.138582759,-0.025516439,0
115.890625,50.11459281,0.323824914,0.130624868,1.903846154,12.74216732,11.41807824,170.6095746,0
92.3828125,44.86718614,0.680791972,0.893112398,4.43729097,22.65511926,6.463431694,47.45672384,0
134.4375,45.93197246,-0.201447716,0.406254314,8.204849498,36.22348889,4.717823306,22.05750683,0
118.8046875,42.09458446,0.327160809,0.726329736,1.341973244,14.76270308,13.8769797,214.1376719,0
134.75,53.33107092,-0.143471645,-0.298976614,5.492474916,28.28529009,5.306161356,28.34152535,0
111.46875,45.64981132,0.402492635,0.400632941,2.953177258,18.6833627,7.773679822,68.94695382,0
140.671875,46.36912183,-0.041259859,0.081844058,5.058528428,25.34286465,5.954833807,40.00873431,0
134.0,51.60577729,0.074005503,-0.298437574,3.456521739,20.96825796,7.505008501,62.04330522,0
115.4765625,47.0451852,0.093706462,-0.148988103,1.621237458,16.15868789,11.58837049,146.0126763,0
143.5390625,43.93245923,-0.267006557,0.364925306,2.790133779,16.36458376,8.520337719,90.67730794,0
100.75,49.82955323,0.440333023,0.061638408,3.025919732,19.99486131,7.806439193,67.00138248,0
38.8359375,60.23881864,2.409113748,4.694510938,90.63712375,55.42048533,0.741363677,0.459213896,1
76.1328125,38.57245032,0.776761905,2.256293755,1.389632107,15.89004946,12.077188,150.9596535,0
123.59375,48.37442466,0.02929928,-0.167461379,2.785953177,20.22989121,8.420465737,76.81419979,0
130.9453125,45.90501549,0.309895927,0.346124994,4.851170569,24.19070533,6.438710913,46.41722552,0
119.6328125,54.85561604,-0.011953591,-0.459562326,2.200668896,13.58879627,10.45956068,145.5047098,0
115.59375,47.11429545,0.03177258,-0.460187118,1.864548495,11.70248726,11.86516932,203.4858909,0
119.3046875,50.83406808,0.058504306,-0.399833875,2.81187291,17.30753387,9.485307359,108.3479421,0
96.109375,40.51084623,0.319779765,1.05858697,1.983277592,15.08104265,10.62115941,136.2759366,0
123.609375,51.89235167,0.288273695,-0.199180927,29.03929766,67.63356137,1.915681139,1.71884507,0
88.171875,38.97417201,0.505704838,1.642323169,2.06270903,15.56006532,9.167450697,100.1521181,0
93.375,45.44261491,0.491747782,0.612463139,2.635451505,20.23472331,8.603096273,78.62633872,0
117.1875,47.06739682,0.530852122,0.449794713,3.18729097,19.94067386,8.665880567,86.4124481,0
90.9453125,42.86284605,0.518943615,1.169597417,4.348662207,20.14204591,5.916145489,42.18570534,0
132.703125,54.90209459,-0.086687946,-0.530735381,2.02006689,16.22123176,11.04662351,134.9915826,0
119.9921875,45.56391392,0.025813079,0.011766452,2.551839465,14.80638099,9.557973509,120.8552208,0
124.90625,59.71605174,0.039519592,-0.644123295,2.939799331,21.42662024,8.612715855,79.32418068,0
128.1953125,54.72874282,-0.121768692,-0.476035911,69.91471572,82.49725495,0.564218744,-1.245261033,0
143.03125,54.0274724,0.016876524,-0.378515379,2.122909699,12.95338092,10.27348222,148.5529733,0
122.7421875,46.47130265,0.034555604,-0.045095038,60.04264214,80.65841527,0.787217219,-1.07006871,0
140.828125,43.91275252,-0.197772991,0.236883004,2.02173913,12.64538975,10.63629129,158.7465094,0
23.7890625,44.75151051,3.654718527,13.06990199,130.9941472,68.19592912,-0.354234547,-0.618922262,1
140.8515625,48.92981099,0.022625611,-0.016207912,3.340301003,21.28494564,7.51362971,63.49014084,0
129.015625,50.74892,0.154489561,-0.334841065,1.890468227,15.32705467,10.71405129,135.6120615,0
143.7109375,45.51187214,-0.259578864,-0.007671797,3.18645485,19.35911763,7.845327711,70.83038936,0
115.5546875,54.40556736,0.027173531,-0.330743906,2.246655518,14.42887749,9.104695749,108.5719736,0
122.2109375,46.31611024,-0.11672677,0.089445697,11.50334448,42.7365636,3.729116808,12.76234998,0
140.5625,55.68378214,-0.234571412,-0.699648398,3.199832776,19.11042633,7.975531794,74.24222492,0
115.7890625,55.5971352,-0.03094029,-0.688145593,2.112876254,11.9026065,10.95280643,184.4797124,0
121.8671875,51.17133766,0.146216447,-0.309888346,0.630434783,9.489593498,20.25711163,475.7682506,0
110.9140625,38.74214181,0.128171485,1.412512518,0.981605351,13.20698341,15.10602471,242.3848547,0
91.9296875,41.04783482,0.556661521,1.491052481,3.18729097,19.59634562,8.178234227,76.08057257,0
110.9609375,51.54236764,0.188835324,-0.273061399,108.1939799,86.93426281,-0.278773011,-1.645962133,0
123.3828125,52.56218357,0.126152689,-0.4469008,0.564381271,9.572729987,20.70017789,479.0894179,0
78.3515625,38.05271628,0.741023612,2.631317628,1.301839465,12.47673541,12.39692907,188.1627265,0
74.484375,38.73245255,1.442538553,4.753955877,5.420568562,29.3469252,5.828484084,34.52274251,1
115.703125,51.5640317,0.178381628,-0.194538561,80.59448161,89.73992674,0.294188937,-1.783043921,0
118.34375,46.53064137,0.445102572,0.456554313,5.447324415,27.67461561,5.572116743,32.43306123,0
37.3359375,27.64882382,4.967325025,32.75392671,64.1229097,91.89896905,1.04253464,-0.621374164,1
103.0390625,44.97662628,0.566808484,0.761125508,2.02006689,15.09827114,9.879917865,116.7210669,0
128.59375,52.80838556,0.112521389,-0.43984565,3.570234114,25.23510025,7.723202775,61.15842327,0
104.2265625,49.99628343,0.182573075,-0.286118965,1.382107023,11.63708383,13.08445472,223.6447124,0
73.6015625,37.38928236,1.97830008,7.076542863,5.881270903,30.21748287,5.758598016,33.90977932,1
105.59375,45.89482499,0.090410376,-0.004089162,2.213210702,13.66765802,9.672221086,127.4512507,0
118.8828125,55.16291512,-0.024708789,-0.471540254,2.035117057,16.2679416,11.12452937,141.338692,0
125.3828125,54.47592947,0.08156028,-0.255997353,1.072742475,13.91874027,15.29553004,247.1697099,0
130.25,47.61597684,0.185319157,-0.054547811,1.140468227,11.89778096,13.76240028,228.8757119,0
123.921875,51.76035666,0.111931413,-0.593252704,2.278428094,15.05525729,9.033434504,102.2988319,0
134.5390625,51.38030726,-0.003914972,-0.103663031,4.546822742,23.80502564,6.399416857,45.24619024,0
119.8125,54.56328751,0.221352432,-0.199681227,3.137123746,18.41003416,7.897615639,72.75948921,0
88.734375,32.96576927,0.921352182,4.066218253,1.684782609,16.41752885,11.76557079,152.1488397,0
111.296875,44.0203006,0.20394433,0.332967531,2.072742475,16.73581542,10.54027165,127.8890168,0
106.8046875,35.73930316,0.26709276,1.951128808,1.468227425,10.60454376,14.11620402,286.4026856,0
129.828125,51.82197733,0.256699182,-0.168991588,2.610367893,19.14118534,8.500974834,80.3212291,0
105.484375,42.21966077,0.309383275,0.682723487,2.162207358,13.77684463,10.74529331,153.0539448,0
139.9921875,50.49342409,-0.281326991,-0.074546491,5.095317726,28.51891841,6.253299859,40.55429296,0
113.78125,48.99552555,0.072764023,-0.461707837,1.977424749,13.47561871,10.8680339,155.0553261,0
127.1875,46.43640645,-0.26180354,0.282146933,3.073578595,17.18295037,8.019439061,78.35186627,0
104.6171875,43.33447694,0.394126596,0.839760659,4.231605351,27.89107524,7.031493842,50.25714643,0
50.1484375,29.15505151,3.884343126,23.47642352,11.82023411,41.82490927,4.059878119,16.38369186,1
114.171875,54.53054038,0.04095669,-0.462330608,3.151337793,16.97326266,7.811673579,77.48928504,0
107.25,52.62707834,0.452688025,0.170347382,2.331939799,14.48685311,9.001004441,107.9725056,0
121.9375,55.46236759,-0.044139171,-0.471336501,3.056020067,20.97807517,7.942109484,68.89208915,0
116.546875,45.92807886,0.235983685,-0.044521599,14.47575251,49.28823064,3.257488548,9.060537849,0
132.8828125,51.98266254,-0.153841401,-0.09868888,2.93645485,17.85385606,8.215095214,78.31328877,0
93.9765625,38.77004821,0.54757771,1.490568809,22.68561873,57.40510413,2.326863586,3.90579952,0
107.5078125,45.57462906,0.377712608,0.614655841,1.469063545,14.84270525,11.92974816,156.2173396,0
123.625,52.3835017,0.058659107,-0.43669459,2.835284281,16.61220466,8.828877034,97.17062803,0
84.890625,32.44086793,1.013474814,5.019720361,7.351170569,29.19526162,4.513794111,21.40194381,0
112.546875,45.94236528,0.200565788,0.193384368,2.003344482,12.75764531,10.73154217,157.4866181,0
124.1484375,54.45856938,-0.059881859,-0.352962523,3.178929766,18.89541071,7.966732432,74.68779465,0
115.078125,42.6317094,0.478356492,0.786547658,0.977424749,11.60103179,14.69203897,251.5994577,0
119.421875,49.8799511,0.217237421,-0.051108402,3.828595318,19.70768533,7.481218751,68.69187017,0
92.0703125,37.63521115,0.592274878,2.150063854,2.569397993,19.14854012,8.670268405,81.78449202,0
106.125,44.82605269,0.315306231,0.408819258,2.505016722,16.15929715,9.512310595,111.3568643,0
83.15625,53.34109542,1.302925764,1.480619056,71.74080268,74.79990951,0.14939542,-1.837228246,0
117.109375,54.16096299,0.130076263,-0.583776328,1.501672241,13.93171944,11.53672683,154.8787997,0
160.8046875,44.0227318,-0.396509665,0.527135287,2.860367893,18.86591664,8.947841789,93.99852534,0
113.9765625,55.02761591,0.154132912,-0.576286459,2.717391304,17.99750257,8.406378686,82.49688608,0
97.09375,50.17258301,0.577310894,0.338507503,1.259197324,15.19988473,13.63774086,197.6923306,0
124.7109375,53.32420773,-0.048854046,-0.177653674,6.274247492,29.91152012,5.361034277,29.299416,0
116.6875,53.30128839,0.009003371,-0.170832413,1.934782609,11.85986011,12.18179255,209.87461,0
128.0546875,50.32694802,0.021689,-0.355705412,8.787625418,33.66033931,4.081839348,16.65680783,0
91.46875,41.07765845,0.560872944,1.362571262,2.407190635,13.61992129,9.262513026,122.3979694,0
121.359375,59.79767115,-0.023317526,-0.696880594,1.632943144,15.85489865,11.65818833,149.0580895,0
143.109375,40.24033936,-0.250942834,0.938084606,1.307692308,11.55735911,13.87825261,242.0671398,0
102.5703125,43.4870102,0.135820523,0.247023263,3.163043478,20.80980133,8.512251462,80.63493708,0
116.03125,53.26040648,0.124682707,-0.353180454,8.464882943,35.61414741,4.587050849,21.19389928,0
83.4921875,39.48377754,0.76420695,1.727826961,2.129598662,14.75289531,8.896719658,101.7143566,0
98.125,44.36249824,0.645846177,1.329284173,2.388795987,15.97589661,9.04358771,97.94786658,0
37.3046875,41.06579298,3.653733848,13.72233338,51.10618729,64.88992167,1.338573283,1.060299728,1
103.3828125,45.29161089,0.521064317,0.713410803,0.882107023,11.17234915,17.4286823,346.9094756,0
140.421875,47.14101342,-0.159950869,-0.033127005,1.942307692,16.964921,10.63411436,126.0734973,0
117.2890625,48.65425732,0.112017731,-0.258972302,2.140468227,19.45246331,9.684258466,97.03240618,0
21.3984375,29.04988701,6.001279885,39.37420348,115.9130435,91.08990265,0.1393163,-1.493106877,1
99.3671875,41.57220208,1.547196967,4.154106043,27.55518395,61.71901588,2.20880796,3.662680136,1
158.7734375,49.80229896,-0.420106913,0.268330403,1.192307692,12.21195783,12.84913558,200.5456304,0
127.46875,48.95006025,-0.18978115,0.122562328,1.709866221,17.11099716,11.22969212,132.2196044,0
110.03125,38.25284661,0.402832935,1.142015647,1.181438127,13.73956363,14.12988358,220.528902,0
129.96875,53.92151958,0.428819116,-0.595279906,64.63628763,82.30454086,0.833407145,-0.781927937,0
30.9140625,37.96894853,4.162402185,18.53781949,59.63795987,66.7333224,1.025426279,0.289485279,1
145.515625,47.82421987,-0.144941624,-0.064160488,0.79180602,10.07460298,17.77944407,381.365173,0
114.1640625,53.61403987,-0.021158602,-0.704374616,2.597826087,19.28130852,9.589539717,100.0700157,0
109.7734375,42.39807905,0.359233631,0.68531699,2.5,19.58415936,9.180964774,90.97316173,0
135.140625,49.95634569,-0.220764154,-0.006667499,0.928929766,11.33589318,15.67695795,285.1423593,0
99.859375,39.14830264,0.744528642,1.818474458,8.595317726,35.24180843,4.654553314,22.61323362,0
92.2890625,36.4814063,0.436794466,2.028479185,2.752508361,23.68262742,8.781365358,76.71230661,0
115.671875,42.64884036,0.204286917,0.483243197,2.114548495,16.09735502,9.518133858,106.3342559,0
27.625,30.66018387,6.270232875,42.85890151,64.72575251,66.06538799,1.205214894,0.745529302,1
129.703125,67.13086094,-0.002970629,-1.174703631,116.7750836,94.50564253,-0.193295624,-1.683512583,0
106.421875,53.20532301,0.406946388,0.114770079,2.773411371,18.81278995,8.720063917,86.36197146,0
125.4140625,51.93633834,0.014099306,-0.108112325,2.851170569,22.43130555,8.335042572,71.51560382,0
110.6015625,45.93632479,0.267978249,-0.034883786,2.462374582,16.19083794,8.620553486,89.87337366,0
120.6015625,53.36641322,0.141481073,0.252220876,2.683110368,18.14100519,8.10798232,75.12943089,0
112.4609375,46.173569,0.238131446,-0.1154432,1.39548495,14.00865522,11.92577929,159.7437176,0
143.6171875,41.95982474,0.023703101,0.503647634,0.734113712,10.32512636,17.80359953,367.1782358,0
90.7109375,38.05878519,0.568693175,1.601726655,2.106187291,14.38718988,9.743431652,119.9215872,0
121.0546875,45.38056243,0.456216286,0.434467508,4.10367893,23.82213818,7.041335408,53.57622159,0
104.1796875,49.73012065,0.092626256,-0.336586819,2.461538462,13.66363821,9.029734692,118.3487759,0
124.3515625,55.93168124,0.069844101,-0.658005835,4.433946488,25.7762397,7.226476928,53.99597424,0
122.09375,53.760673,0.222695006,-0.341699092,0.72993311,10.72683661,17.39021873,339.0620875,0
132.3125,49.87073133,-0.133752766,-0.330138849,5.540133779,29.26595088,5.844902749,34.97066045,0
86.15625,37.13392938,0.682265248,1.987872098,2.357859532,17.28863847,9.401752361,100.3917478,0
136.140625,50.52965317,-0.172541944,-0.132628735,3.665551839,20.84879913,7.179788148,58.38549138,0
120.1015625,47.97115667,0.050715003,-0.002818045,4.076086957,27.86803104,7.049998329,49.69810711,0
120.734375,42.21919816,0.455167855,0.738142028,1.512541806,12.03835884,12.25038406,197.0484739,0
123.640625,47.27623848,-0.178718976,0.017180457,2.199832776,18.14723414,9.817278966,106.3500082,0
139.2109375,45.74054758,-0.002916084,-0.000888521,2.20819398,13.41189383,9.474151122,127.1719674,0
135.46875,47.28403825,0.182673798,0.161003432,2.295150502,17.23627882,11.43739938,144.2481864,0
124.609375,53.79478285,0.312143713,-0.352362387,2.621237458,18.11181871,8.850277837,90.32206391,0
83.140625,36.78946316,0.919900696,3.227861054,2.857859532,16.52630001,8.124413751,83.1701685,0
122.0,56.30691565,0.192742273,-0.676199941,18.10953177,54.37198961,3.107319866,8.375607899,0
105.875,41.83710972,0.25319527,0.400188586,2.087792642,16.90663378,10.16601054,116.7352368,0
101.046875,43.50661936,0.460503773,0.946434846,3.592809365,20.65626263,7.398692322,62.89052726,0
124.171875,54.70576258,-0.014250508,-0.508310247,3.933110368,23.5883497,6.896826366,50.1152334,0
111.734375,42.34133699,0.168150684,0.626147676,4.932274247,27.3037772,6.503427075,43.90227971,0
70.4140625,33.99115863,2.516344328,10.94399986,23.41053512,53.20625786,2.521580598,5.807819023,1
113.984375,38.0536185,0.313669415,1.117792921,1.615384615,15.60258632,10.89179026,128.8166376,0
138.21875,49.24523097,-0.136890321,0.059618966,2.16722408,12.876262,9.991939458,145.3488015,0
138.703125,52.53516075,-0.189375282,-0.456275165,3.851170569,19.1598955,6.32552125,49.28256021,0
136.265625,48.75536579,0.108763277,-0.209345699,2.184782609,13.27752908,10.22349389,141.7723679,0
127.7265625,58.15116546,-0.027425887,-0.555031642,34.7416388,55.23377776,1.249668352,0.230255505,0
126.2578125,42.61679652,0.102687993,0.78227285,2.950668896,19.58187702,7.625642673,64.1174918,0
49.0,31.46277562,3.50056118,18.93691145,7.443979933,30.92948673,4.988605266,26.94509399,1
71.875,48.0294506,1.425195927,2.5038269,39.35200669,72.15497307,1.424054132,0.263782178,0
90.984375,37.12668018,1.17655433,4.112162062,34.18478261,64.52126353,1.60113238,1.078892484,0
127.609375,50.11599582,0.241651486,0.036489878,6.601170569,26.44111838,4.600821691,23.82844655,0
112.1640625,41.45098335,0.29053344,0.99873499,2.74916388,20.86568668,8.432572555,75.49318558,0
121.5625,51.18253944,0.302978195,-0.000855229,5.331939799,28.71380548,5.849673946,35.19956227,0
125.7265625,44.04750895,0.001571897,0.050283498,2.72909699,15.47017379,8.130447789,86.94571036,0
119.265625,46.32451504,0.251776312,0.100250406,0.571070234,11.49047006,20.386999,419.1610856,0
116.953125,54.64242562,0.257419039,-0.385218522,1.423913043,16.16408536,12.09631623,152.7872795,0
102.375,48.68890402,0.265693691,0.034418845,2.446488294,14.49372991,9.266543948,114.6279396,0
100.515625,36.16541519,0.466885198,1.793368487,1.0409699,13.20303858,16.13954019,280.3139849,0
120.2890625,49.08588652,0.0230447,-0.025436419,3.247491639,17.20301615,7.498141778,70.72098564,0
83.8125,38.08619952,0.545576069,1.951102266,2.027591973,14.88355272,10.89396692,146.7566025,0
123.671875,56.23862515,0.061304988,-0.575957603,6.330267559,31.78268791,5.25638164,27.36100401,0
106.125,52.45846571,0.38944203,0.174857851,11.14297659,41.07756908,3.759342342,13.30851705,0
81.78125,40.45308577,0.946858853,2.283359105,3.675585284,22.46658848,7.19602178,57.11923449,0
150.53125,43.05282683,-0.408802291,0.59982549,7.670568562,36.86255548,4.64168975,19.80537915,0
164.6328125,46.46199238,-0.442894526,0.181034655,10.38043478,31.48333825,3.695722145,15.33093933,0
84.375,36.07349269,0.658673743,2.935900975,5.768394649,29.72705891,5.581948323,31.77335222,0
78.6953125,42.42853524,0.858338728,2.641729716,1.785953177,14.44952013,10.5227795,131.7915318,0
100.4765625,44.47997528,0.616799047,1.100303639,10.8361204,41.87557098,3.938706438,14.57069724,0
111.140625,39.05779659,0.3015879,0.976997007,1.519230769,15.2621616,11.91224866,156.8457819,0
126.65625,51.08073229,0.044139805,-0.266079556,2.098662207,17.12906832,9.484770226,101.025846,0
112.8984375,46.59815579,-0.078139046,0.03072923,2.246655518,18.18886049,9.898211956,107.9650115,0
90.3671875,46.99698645,0.598654819,0.939849408,5.459866221,26.81160386,5.570131987,33.10949221,0
121.84375,54.86096596,0.073432833,-0.413592522,1.342809365,9.956067718,16.06614914,361.9082762,0
107.9140625,44.14536133,0.600735127,1.273469816,1.474080268,12.41136456,12.96365039,207.9256278,0
130.2421875,50.09097132,0.012663029,-0.259006969,1.544314381,11.27746189,13.72515213,252.4905754,0
126.1015625,50.90245571,-0.126128261,-0.524239396,8.883779264,41.55856613,4.530755412,18.8365083,0
124.21875,54.07502564,0.271202875,-0.489194961,2.049331104,16.7418949,10.0261311,114.4378408,0
103.578125,45.16663754,0.552354568,0.777646322,21.82107023,51.1771769,2.398916373,4.759216603,1
114.8125,45.74893271,0.340557338,0.684705385,1.943143813,17.73250077,10.26816208,113.4797653,0
135.9765625,51.13836391,-0.383401073,0.007114971,1.885451505,12.25629682,10.99065023,172.6584757,0
75.2890625,39.25620022,0.737210693,2.297597844,2.676421405,17.47754831,8.403287507,82.83680534,0
130.1484375,51.13265374,-0.206151273,-0.265173104,3.971571906,21.6769963,7.022260056,57.86820879,0
44.890625,41.57847144,3.21315315,11.10489679,44.36538462,66.76314225,1.368009225,0.792437939,1
76.96875,36.17555664,0.71289786,3.388718563,2.399665552,17.57099693,9.414652256,102.7229747,0
99.125,50.46579906,0.6230989,0.669232513,1.64548495,16.38366523,11.88734253,153.1602005,0
90.6796875,41.16732882,0.910270893,1.804455923,1.798494983,13.21061817,11.24827295,162.0899701,0
28.375,27.64931057,6.377272815,45.94404838,141.8603679,82.89301685,-0.477222296,-1.067880312,1
97.7890625,43.69794266,0.251066724,0.267032664,6.992474916,30.91772084,5.231418057,28.51796817,0
121.0,51.22514641,0.277578374,0.091237864,4.134615385,21.14576199,6.434800663,48.30139188,0
155.34375,48.62426695,-0.668893751,0.888688256,81.82441472,77.07248644,0.179289646,-1.477986792,0
130.1640625,48.01981644,0.046367172,0.028545826,2.31187291,15.65244036,8.84619228,95.18476045,0
117.46875,44.81349153,0.091699419,0.492070114,0.822742475,11.31180242,16.43494501,301.9755875,0
125.609375,56.06835036,0.038203571,-0.547066152,2.703177258,17.82659009,8.618456362,85.64978494,0
111.3515625,47.8941851,0.361222857,0.098261514,4.254180602,25.55269866,6.663927622,46.476847,0
147.7109375,55.93301691,-0.419232164,-0.493051215,2.158862876,20.61422651,9.987386854,101.7108027,0
97.890625,47.41888376,0.731156775,0.659690433,5.024247492,29.02789998,6.320670081,40.36272324,0
113.640625,46.47995777,0.289386189,0.294296801,1.797658863,14.49423347,10.729587,136.1204765,0
109.53125,44.57191126,0.459712437,0.603472629,1.25083612,13.62176442,13.84258024,213.351915,0
113.875,43.0150773,0.483996244,0.943398912,4.68729097,25.73412175,5.987842242,37.28612184,0
89.5546875,43.02866207,0.764876141,0.995443681,1.766722408,12.71661527,11.67609629,179.0890322,0
107.3515625,43.95764827,0.174517973,0.304917802,3.218227425,15.84667449,7.660243141,80.18941036,0
98.4921875,45.70369858,0.384901896,0.567680624,1.765050167,12.29544941,11.38933321,179.0185017,0
68.046875,42.98889017,1.253867715,3.073009443,2.859531773,15.15903434,8.401999233,96.39616397,0
144.390625,49.72851835,-0.164550727,-0.101165721,3.842809365,22.89087184,7.448300386,61.85352073,0
97.09375,48.40542285,0.649224503,0.491307218,5.063545151,28.42815227,5.979687067,36.30006742,1
118.28125,47.95520982,0.049466148,-0.215712049,1.072742475,13.3150866,14.05760653,211.9565655,0
131.8125,46.85478731,-0.112190423,0.200662927,4.120401338,21.35338636,7.093890877,59.21266771,0
143.4921875,54.90503109,-0.149576293,-0.739365582,88.41220736,84.42638331,0.398701381,-1.284526581,0
110.5703125,38.49425355,0.472296355,1.855445652,2.329431438,19.79692478,8.961433668,82.59031688,0
94.96875,38.53933411,0.51282524,1.643827647,3.242474916,21.23470692,7.386044239,58.76827228,0
100.1171875,46.4811153,0.590949581,0.63812518,9.970735786,37.05105823,4.0374576,16.52806691,0
118.8828125,59.57802409,0.095876323,-0.702633542,3.195652174,23.17394991,8.038914835,67.44033055,0
114.4140625,55.04167843,0.13479343,-0.257121664,2.574414716,15.83221962,8.652778012,92.32657762,0
35.265625,30.4054591,5.778470134,38.40016863,109.9782609,81.27119963,0.019015878,-1.124362269,1
136.8046875,52.82297361,-0.026834284,-0.344428516,2.031772575,13.86264418,11.63219561,173.1168239,0
115.46875,49.25411428,0.193953735,0.110791363,2.626254181,16.11829015,9.449544003,114.4858345,0
119.609375,41.76426298,0.083754592,0.566317633,1.247491639,11.34819621,13.70241075,242.2724563,0
111.2578125,48.31718866,0.345055245,0.40104178,2.066053512,13.28356107,9.871660876,134.6116051,0
96.921875,41.80602704,0.504894933,1.09944398,1.349498328,13.66310823,12.00489558,164.3152603,0
104.8828125,42.04417712,0.39956842,0.530041077,3.105351171,19.24448246,7.91023549,74.79015284,0
14.890625,30.61664028,6.169028053,39.26874638,118.1237458,62.87211423,0.688760377,-0.428872196,1
97.9921875,43.23184158,0.388256439,0.643392119,1.344481605,13.10703536,12.94810387,191.5854625,0
75.5546875,44.96748975,1.906108429,4.063128989,26.87625418,57.57231664,2.250798135,4.096560177,1
113.8046875,46.68863931,0.275090325,0.350060131,1.18645485,11.87882734,14.03355171,235.7900915,0
123.46875,57.32949414,0.027867958,-0.726756603,11.12040134,40.70171147,3.716798387,12.87780781,0
87.515625,35.2929668,0.637397745,2.816726796,1.455685619,11.35158157,12.87882264,229.8486463,0
96.4140625,54.96853181,0.447716066,-0.31881954,0.414715719,8.425767782,25.96879301,733.9350929,0
104.4609375,48.42728156,0.407690403,0.310020205,1.968227425,11.87338416,11.44229762,191.8415647,0
111.53125,45.51973087,0.287283256,0.128155892,12.4180602,40.37413832,3.389474928,10.80517317,0
90.8203125,36.61186488,0.470986308,2.127668173,1.184782609,13.41815781,13.66424952,209.5601992,0
130.96875,52.95604567,-0.145718598,-0.254149134,0.510033445,9.395387736,22.31692646,541.4329658,0
102.2890625,38.79637393,0.485193258,1.355040639,1.2909699,14.00808243,13.08295886,187.4166093,0
115.515625,49.41327383,0.252146935,0.000825584,2.426421405,14.60570183,9.358370276,115.522578,0
123.3828125,44.96876018,0.152120262,0.032179197,0.709866221,10.70290194,19.03161194,397.4987007,0
117.265625,46.04065533,0.034169187,0.060649718,2.988294314,17.28305171,8.459400982,86.02181515,0
131.21875,54.61226074,-0.094982163,-0.495174556,1.860367893,12.32223707,11.81254178,190.1272228,0
112.7890625,48.92239587,0.053890667,-0.301962353,2.438963211,17.08488899,9.211323453,102.0463969,0
98.40625,51.29075171,0.421885323,-0.158078573,3.683946488,23.99659486,7.378553667,57.7714801,0
92.609375,50.42231562,0.8766966,0.939834465,3.287625418,17.99932777,7.303059165,64.55142277,0
144.8515625,46.81247327,-0.150825706,0.008620057,2.924749164,19.96299309,8.656855414,82.32786132,0
36.2421875,49.23282475,2.994303041,8.015796389,175.576087,63.16203929,-0.973597354,-0.520384063,1
111.015625,46.35090081,0.164595826,-0.014663019,1.921404682,15.69527473,11.02158992,136.8003484,0
116.5703125,48.52185133,0.118481143,0.119315171,4.117056856,25.35038099,6.71179799,46.44262604,0
120.3984375,52.50808566,0.189610185,-0.167810867,2.009197324,13.69870788,11.09849674,160.9278656,0
90.7890625,35.81498734,1.782977038,6.570318095,7.310200669,33.49649205,5.158216099,27.06148552,1
94.3984375,45.66374038,0.439068078,0.166427003,1.45819398,11.59795095,12.65891969,217.2342421,0
126.890625,44.18891164,-0.016764587,0.284089175,1.474080268,11.9224149,12.56895373,207.7182262,0
135.0,47.76717623,-0.100345314,-0.011802584,4.004180602,25.98402807,7.110256365,51.78034336,0
122.28125,42.40208159,-0.035343872,0.529026403,2.947324415,21.09533388,8.096812744,70.03126777,0
132.8828125,54.33656991,-0.104770976,-0.428742393,3.998327759,20.04647603,6.834366676,55.30202457,0
97.90625,40.60969664,0.391609855,1.50591983,1.006688963,12.34468548,14.4627527,233.6748525,0
142.453125,51.94436016,-0.249129401,-0.068778171,2.173076923,19.02917961,9.337667745,91.04158349,0
120.6953125,56.03104031,0.351849358,-0.168464495,3.787625418,24.28117168,6.889188017,49.13624366,0
81.15625,40.1811207,1.334852467,3.782729689,94.31270903,85.67958241,0.041118596,-1.649516737,0
114.6640625,48.60093835,0.030571283,-0.034613806,2.998327759,18.56688165,8.108129205,77.14932785,0
119.7265625,49.41560274,0.018773177,-0.01204151,2.386287625,15.11697796,9.358821079,110.1103008,0
112.3046875,48.90385315,0.25343271,0.026489329,5.002508361,23.85044317,6.6598921,50.51080126,0
118.078125,41.88332182,0.125734707,0.668161838,7.005016722,30.02543473,4.748131042,23.73205974,0
113.09375,43.36643242,0.038982584,0.762068984,2.262541806,14.15695469,9.692580709,123.2310659,0
135.4140625,44.58761167,0.022409783,0.686494467,3.001672241,19.19221546,8.135407752,75.93681641,0
125.0,45.84348372,0.166110134,0.267231587,1.014214047,10.05955337,16.62907679,360.5534179,0
111.953125,45.4128388,0.305970532,0.527937986,2.107859532,18.67628399,10.22043488,112.0883672,0
58.1640625,37.85659151,2.990382305,11.78564805,41.12123746,62.00958377,1.735378007,2.354386452,1
84.4765625,50.00702526,1.212789004,2.359105176,8.35367893,35.96427754,4.4263579,19.06763528,1
138.4609375,49.47740999,-0.228002011,-0.293962359,3.862876254,23.27086239,7.978441368,69.86873515,0
105.8671875,47.00820591,0.320634894,0.451762363,2.367892977,17.72212416,8.99610852,90.7376304,0
116.421875,58.42618331,-0.101506347,-0.810399735,114.6538462,65.02274295,-0.534358564,-0.415497579,0
108.53125,39.91219611,0.098098226,1.061451886,6.157190635,30.67616551,5.569804024,32.54498015,0
129.1875,46.6489131,0.205101231,0.182344296,0.670568562,9.11209476,21.74359564,547.5452764,0
135.078125,43.11713866,0.067585331,0.061427247,2.080267559,13.33960502,9.979061296,135.7853557,0
106.609375,43.24859723,0.114210846,0.729801683,5.591137124,30.51759548,5.796657261,33.74618656,0
120.71875,43.12571331,0.257893335,0.672588179,2.163879599,16.56919916,9.839099321,111.2696605,0
136.5546875,57.27739636,-0.205914691,-0.541188551,4.005852843,23.70197061,7.568237554,62.26016857,0
138.078125,44.56116046,-0.154284067,0.447849983,4.529264214,25.48030218,6.401930428,43.30340559,0
103.3515625,71.26278283,0.515849236,-1.000506932,17.80518395,50.20914126,2.773782761,6.446037459,0
111.9921875,49.74897865,0.209537199,-0.003349939,4.117056856,20.90185723,6.353148273,47.54422759,0
91.6953125,41.29042689,0.456655979,1.051486715,3.594481605,24.58906961,7.301209472,54.99046666,0
115.1796875,46.4031979,0.150304307,-0.022155432,3.201505017,17.52376402,7.239112622,64.57221524,0
127.5859375,42.93482112,0.188383503,0.962931876,5.052675585,26.67457926,6.056887596,38.56036393,0
127.984375,65.46683134,-0.070969287,-0.980423601,2.418896321,14.12282282,9.083629246,113.2639047,0
98.1171875,47.24249628,0.507692023,0.477660215,1.412207358,14.91373696,12.08265401,158.9768746,0
101.9140625,52.23953653,0.21674266,-0.291253721,9.372073579,35.10621041,4.12515696,16.64677944,0
10.75,37.03925283,5.326652756,28.12321137,108.5443144,66.54038336,0.381339773,-0.816997109,1
107.6484375,43.36844148,0.563212155,1.22198958,1.27006689,12.81870525,13.02041573,197.5608016,0
94.5546875,39.93076207,0.659774666,1.53300253,1.030100334,11.61185663,15.36656401,274.5469699,0
113.8984375,43.09688211,0.073892382,0.661630207,1.440635452,14.28884967,13.65096185,206.590696,0
127.5625,43.91998228,-0.50312469,0.617291176,1.831939799,14.88650541,10.50889641,129.4627551,0
111.28125,48.48001159,0.201668827,-0.210990819,3.275919732,20.81843284,7.528718358,62.9123577,0
148.0390625,54.24328909,-0.263021724,-0.576809017,2.629598662,17.14030514,9.348796331,103.2101155,0
74.6328125,44.24114867,0.996855022,1.839553111,32.30769231,62.66735967,1.903619852,2.378535032,1
123.5,47.48025906,-0.036569121,0.232619013,3.277591973,24.62674267,8.041060353,65.57651271,0
135.734375,53.13918698,-0.005559324,-0.437895448,14.77090301,45.00201805,3.204774025,9.414229856,0
119.90625,38.4946095,0.40000494,1.291283156,0.890468227,11.76805705,15.22839161,259.0538788,0
133.328125,47.40535132,-0.133976886,0.014433598,109.1889632,81.75650739,-0.540625403,-1.60338301,0
110.8984375,48.56227314,0.170372017,0.096241076,1.600334448,12.92721326,11.34978567,164.4703823,0
134.8671875,53.09769461,0.165208388,-0.430801855,10.08528428,36.67450726,3.718413623,13.15160818,0
118.8515625,39.90537437,0.342266367,0.408057349,1.81187291,15.28121761,10.21804383,120.6383614,0
113.5625,45.02113219,0.141473806,-0.00052033,1.548494983,13.84548594,11.78972755,166.1104013,0
130.375,44.28900117,0.013380167,0.244807654,1.844481605,14.57442764,10.59787342,132.301095,0
122.6796875,58.82932591,0.011048474,-0.694777891,6.754180602,32.20621953,5.191809214,27.86806641,0
86.578125,32.8836988,0.815663072,4.108276609,5.627926421,30.82428661,5.860184485,34.46749825,0
133.65625,43.79469815,-0.193905549,0.113077381,2.984113712,16.86912782,8.167904157,83.33393155,0
128.2890625,55.26514956,0.069834842,-0.443164315,1.846989967,13.24117044,11.14255826,161.8683904,0
102.6171875,49.69235371,0.230438984,0.193325371,1.489130435,16.00441146,12.64653474,171.8329021,0
122.40625,49.82303645,0.312326448,0.015788815,2.489130435,14.79669522,8.620706539,98.78589648,0
119.1171875,48.85319544,-0.273984812,0.064259762,92.96237458,80.78039777,-0.23953768,-1.846973815,0
126.0078125,53.49072585,0.051876951,-0.535040066,5.040133779,24.57675292,5.781485224,35.89193488,0
94.4609375,36.87709789,0.482187151,1.732390946,3.535117057,21.50506523,7.020758703,54.71923472,0
96.3828125,43.49373538,0.696004323,1.008207786,3.201505017,20.61537476,7.768643631,67.67832258,0
136.265625,48.79108595,-0.033902547,-0.235910148,2.995819398,17.13894085,8.044176527,78.37053063,0
42.8671875,28.79788705,4.587357765,27.35593756,21.05602007,52.51075098,2.808475775,7.36393609,1
108.4375,30.8956788,0.364913831,3.491741635,2.893812709,19.89675513,8.007020206,70.74141736,0
82.578125,37.2713046,0.840183608,2.812515186,0.873745819,12.43807187,16.85218248,306.2445594,0
162.9375,44.31029614,-0.305366718,0.462782355,1.838628763,13.08282898,10.7244813,151.3173967,0
117.828125,43.92609371,0.416162816,0.518232387,1.494983278,17.81062049,12.41715309,157.048025,0
125.15625,57.92687167,-0.122888148,-0.616029813,1.789297659,13.07263293,11.71826413,171.1889624,0
126.953125,49.70504555,0.037254207,-0.305177046,2.147157191,15.19070798,9.715524401,112.6383572,0
107.8125,40.67088755,0.503605896,1.020956135,2.743311037,16.98504646,8.268599511,81.86547457,0
143.7578125,50.24638452,-0.158471994,0.109268246,6.614548495,29.37890096,4.686596198,22.16344137,0
85.5234375,36.69404006,0.73314856,2.476574339,1.95735786,18.37346734,10.4034065,114.392908,0
140.90625,43.64459401,0.062158062,0.529802354,6.00083612,25.96925438,4.961810673,27.29839584,0
93.390625,40.51566718,1.304394754,3.681271608,27.67056856,62.0302292,2.041910766,2.664089313,1
96.421875,55.19392083,0.868188928,0.366462663,11.26755853,41.40551541,3.680401252,12.492984,1
109.390625,57.29613785,0.232497823,-0.537333007,1.428929766,13.29247024,12.81059756,189.4345666,0
131.2734375,50.45538172,0.024921179,0.195920133,1.496655518,15.69624358,11.9715492,156.1260881,0
124.640625,50.17060494,0.328036668,-0.016932024,0.867892977,9.349634116,19.69644898,480.2722403,0
120.75,55.76611314,0.201624191,-0.588195551,0.694816054,10.75485454,17.75173085,346.3191938,0
109.9453125,55.21779443,0.192779464,-0.447172661,8.341973244,37.53842104,4.907121055,23.8114019,0
26.703125,35.47344063,3.852224558,17.26287471,69.39966555,63.65209683,0.694983455,-0.166902367,1
128.359375,85.97090118,0.001191462,-1.46130417,60.71237458,85.9287401,0.811278554,-1.177583675,0
120.1953125,52.67219656,-0.082475875,-0.291938666,8.642140468,32.7252528,4.198197521,18.3283291,0
81.140625,37.97896918,1.044563994,2.877375403,3.966555184,21.45035222,7.075515768,57.99780443,0
98.3984375,40.10539627,0.487281712,0.918916438,1.171404682,14.27149151,13.19960584,184.4080459,0
126.6875,46.60266724,0.070217115,0.272609975,2.367056856,13.69421985,9.167208155,119.1992581,0
154.2265625,58.77196595,-0.616140169,-0.553531651,80.00668896,89.201549,0.789368917,-0.810341156,0
115.3046875,57.01816577,0.277243058,-0.437065922,2.973244147,17.06835421,8.26735081,83.5064074,0
125.203125,48.67018456,0.057561147,-0.346331604,6.986622074,32.32128359,4.999635187,25.15164608,0
106.4921875,44.15951131,0.427115204,0.546426143,1.56270903,14.47620285,12.02347046,162.8865596,0
103.1484375,39.00602715,0.507142426,1.367814351,4.373745819,21.60406749,6.393055864,47.1625121,0
138.546875,49.80679223,0.083367492,0.068369463,2.561036789,17.79271544,10.0747513,116.8635235,0
91.9140625,39.02063303,0.583890571,1.378380681,4.132943144,22.25456742,6.474314474,47.23819785,0
119.0859375,45.31677175,0.143403898,0.058035781,1.387123746,13.1304798,12.78557783,191.954047,0
124.7421875,62.55013565,0.108333984,-0.971102403,57.32441472,86.13998547,0.984588969,-0.844287535,0
134.6875,49.48606969,-0.132696875,-0.044449623,5.35367893,26.7807179,6.236738688,41.64991708,0
99.421875,46.19483355,0.539607836,0.734160418,3.826086957,20.47361109,7.229393913,60.98968965,0
93.46875,57.60126104,0.606659557,-0.15515846,2.719063545,16.40477756,8.895541487,101.3021188,0
139.9921875,49.43785494,-0.106006068,-0.038200009,1.087792642,11.73251855,13.7933001,230.6975671,0
131.765625,50.30166566,0.211940501,-0.171959045,3.331103679,24.33649425,7.79037675,62.10465635,0
103.390625,42.61807759,0.418338759,0.794263173,5.089464883,26.29253088,5.496571075,31.30574759,1
118.46875,38.06982432,0.174772026,0.969010818,1.476588629,12.92887491,12.91215821,204.0491625,0
119.7421875,40.322188,0.243337518,0.398782656,2.214882943,15.00935536,10.21059611,127.111142,0
58.7890625,33.07724207,2.8263069,15.03986162,17.25752508,54.34239494,3.19287929,9.012004353,1
125.9765625,56.15456694,-0.062894058,-0.24513992,0.89632107,13.12899545,16.1560225,270.6338215,0
115.09375,50.16993583,0.327289372,0.075251574,2.546822742,18.09318082,8.368532056,78.54589355,0
107.84375,46.07389403,0.549522336,0.533909601,1.91638796,13.25513842,11.24890689,161.7639011,0
106.6484375,53.17271237,0.231568353,-0.392764564,4.010033445,19.62435436,6.697265011,55.06633172,0
100.75,41.21854862,0.579078965,0.750570744,2.959866221,21.12540343,7.771360865,63.8027541,0
122.1015625,43.94613888,0.238519027,0.434805581,0.45819398,7.986867864,27.82894845,863.740958,0
26.421875,28.35478613,6.414866062,45.38364068,59.00752508,58.27894613,1.452547751,1.756034769,1
108.5234375,42.55051499,0.511458523,1.240369274,2.848662207,16.72329419,8.479244225,90.15923837,0
152.8203125,49.75870426,-0.353383114,-0.076842481,80.38628763,92.69984078,0.313721322,-1.839446596,0
109.2890625,48.76284324,0.302684121,-0.403202139,128.6571906,77.77351911,-0.787979675,-0.921648767,0
77.40625,34.70082796,0.967432444,4.14109672,0.923076923,13.3240084,15.03806645,233.698978,0
144.2734375,54.96585799,-0.293272172,-0.275027213,2.43729097,17.92203239,9.991831004,114.9633001,0
130.0703125,42.18896916,-0.230839639,0.750105755,4.43729097,25.90883646,6.854034446,49.08247584,0
125.6328125,53.64886868,0.024443785,-0.699509341,6.929765886,28.85548267,4.51005391,20.86133305,0
125.71875,42.70043499,0.341525388,0.462395887,8.835284281,35.3989748,4.358278956,18.89845079,0
82.6171875,49.65067363,0.919883294,0.807797142,2.566053512,19.6474313,10.24436306,110.5672784,1
106.5234375,53.50379146,0.525152192,-0.238244505,2.5,19.89304596,10.10294365,110.5185408,0
120.2265625,49.76102498,0.021777747,-0.343894797,1.08277592,11.539115,13.95684705,238.9819077,0
92.40625,37.06106395,0.512663013,1.793892738,3.504180602,24.04018687,7.542757526,59.08072934,0
111.4296875,47.51063756,0.015786216,0.486482087,2.174749164,15.28312723,9.853822786,115.24836,0
101.8359375,42.02338957,0.449803878,0.507436267,4.075250836,22.32766082,6.246001503,42.84267547,0
130.3046875,51.3378148,0.070259687,-0.182523754,14.10033445,47.05632397,3.343949922,10.09427275,0
110.0703125,37.87380023,0.002434542,1.471485646,2.876254181,16.41639622,7.526804972,72.00044829,0
102.8984375,48.01136582,0.682278192,0.994825711,5.56187291,27.74586687,5.557416554,32.20180283,0
116.625,52.40765688,0.119322934,-0.147561181,3.747491639,20.40082755,6.610455004,49.70867012,0
125.1796875,49.78523149,0.076775657,-0.316044487,2.122909699,17.99309911,10.40871676,119.4847582,0
58.4375,47.26963051,2.148539156,4.683292326,55.52006689,74.83821189,1.13811631,-0.027805804,1
84.0859375,39.36746502,0.714647965,2.005417205,2.419732441,15.89775268,9.347670214,108.4677009,0
117.2890625,55.1319656,0.176096301,-0.584480022,4.137123746,22.0495321,6.615853636,49.67776221,0
114.4765625,43.81993782,0.291639922,0.282574292,1.14632107,11.00248504,14.30264498,266.4718966,0
125.546875,43.04283103,0.12323441,0.290817897,4.964882943,23.64227063,6.285218757,45.6872032,0
129.359375,49.49632789,-0.068273423,-0.218610158,1.29180602,12.51771854,12.07342599,179.9155038,0
84.765625,51.29030189,1.251663091,1.682987681,2.306856187,14.87479473,11.18748269,155.1456913,0
119.5,45.21943028,0.16640085,0.395791052,1.078595318,12.91406547,14.79037592,241.7242706,0
117.8515625,46.06840869,0.344266404,0.525138499,2.781772575,16.34325679,7.727255461,75.95008434,0
110.8203125,48.24521246,0.056653649,-0.538265378,2.930602007,15.63925577,8.195036721,89.65781084,0
101.8359375,47.80850103,0.603284379,0.38939756,3.315217391,17.33778528,7.16269103,65.25187936,0
118.03125,45.23272072,0.226691409,0.569713438,11.20568562,41.367201,3.754812227,13.11337499,0
103.7734375,43.44864333,0.702910741,1.134779008,1.141304348,12.69678282,13.89242783,218.2930408,0
122.046875,48.52815861,0.148441211,0.092485125,2.348662207,20.91153544,9.659115802,95.15678242,0
119.3046875,47.00757229,-0.1446494,0.156219138,117.2583612,62.59924005,-1.259650798,-0.202327168,0
130.84375,42.34280442,0.111273221,0.892756121,1.31270903,12.22199368,13.2768296,216.3994259,0
101.5078125,42.75237495,0.315635865,0.622973426,1.964882943,13.51824375,10.41759838,141.7192967,0
143.8984375,48.16748771,-0.20183785,-0.100719016,3.826086957,26.25845661,7.193332526,52.72924212,0
87.4375,35.86274834,0.752855077,2.549712659,1.949832776,13.20329181,10.37167159,143.2738838,0
95.171875,42.95730245,0.879437314,1.848678762,2.558528428,16.14987557,9.463292112,113.1898563,1
128.2109375,47.61788863,0.222572209,-0.309684164,0.785117057,11.32603532,17.95680631,356.4166267,0
120.4140625,50.67459413,0.183076647,-0.160850414,3.14548495,17.16998153,7.919671288,78.17014388,0
75.640625,34.33719157,1.073438012,4.466385406,6.118729097,28.61053698,5.188311815,28.56533857,0
118.5703125,45.56668938,0.119708086,0.061079664,1.338628763,12.99671477,12.09085097,173.911367,0
117.640625,46.35085867,0.285808922,0.863213041,1.056856187,10.79538075,16.2675821,326.517478,0
102.15625,43.33182965,0.67769768,1.02590086,2.552675585,17.31745889,9.889034027,116.447078,0
99.8046875,44.06973497,0.449871296,0.616194886,1.740802676,12.6541878,10.98599345,162.6692124,0
103.75,51.08571229,0.675667151,0.216761759,2.279264214,15.28209452,8.889645062,98.26146525,0
131.40625,53.50824082,-0.125221766,-0.184864485,6.304347826,30.23018184,5.459736646,31.0946679,0
112.0546875,48.60415823,0.134038258,-0.129581078,44.35702341,77.8333727,1.205706332,-0.491311552,0
122.9453125,43.36785038,0.19834717,0.713727572,3.399665552,24.310852,7.603947965,59.01409271,0
117.6875,41.24275505,0.093905239,0.58877642,4.24916388,25.75238647,6.638381247,46.10215369,0
108.4140625,40.48157902,0.210868523,0.445828797,2.581103679,16.48246086,9.231205088,101.7608419,0
134.8984375,52.54638425,-0.126038441,-0.233904996,1.06270903,12.73318607,13.73416437,209.3693282,0
113.0703125,45.88303465,0.101895805,-0.069175853,5.164715719,26.46848557,5.910612479,37.18946844,0
132.671875,47.86816357,0.086192375,0.001929869,2.242474916,18.85514404,9.221548147,90.21677754,0
113.90625,42.49364612,0.29694587,0.248891936,17.30100334,48.91027926,2.738445149,6.275665932,0
118.046875,52.18848942,0.09520857,-0.397231442,3.52090301,21.42300668,7.725961275,65.24205101,0
172.5625,43.71315413,-0.921973906,1.363436223,96.2416388,104.7754932,0.424477214,-1.619876921,0
95.2890625,42.4851357,0.427858335,0.884140786,4.054347826,26.31417887,6.933277643,48.9460505,0
17.0234375,46.59155383,3.716950468,13.10581926,95.91220736,66.37242762,0.48443973,-0.438687261,1
136.671875,58.58262186,-0.383323024,-0.511883806,1.594481605,16.24520314,11.39978997,138.6520156,0
134.9609375,49.46011688,0.138245735,-0.249280489,6.316053512,33.4166278,5.404571169,28.65721276,0
127.40625,51.57207298,-0.162310872,-0.328479672,3.201505017,20.87157012,8.373061214,77.96191952,0
104.046875,47.2732845,0.264587145,0.093056486,3.311036789,18.00706602,6.98310784,59.41675968,0
82.0703125,34.79407807,1.51109025,5.921365217,4.902173913,24.85054918,5.792550381,36.6815458,0
130.3515625,46.06628883,0.365835729,0.203260733,2.050167224,13.04221952,10.997135,163.7011093,0
143.6953125,49.45571861,-0.496871328,-0.141460134,107.0376254,77.5911984,-0.603248316,-1.515748583,0
95.359375,47.0939444,0.654479493,0.942221932,2.077759197,15.49257478,10.71148729,139.1189089,0
104.140625,51.39138035,0.401639514,0.023426829,7.556856187,33.46029362,4.558778526,20.31377882,0
109.5234375,41.46534035,0.414327762,0.854680018,6.89548495,32.93443796,5.274719904,28.37525355,0
117.671875,45.80190181,0.143992766,0.469261395,2.600334448,16.12137698,8.260658384,83.80999624,0
70.5703125,32.28696612,1.363226762,6.750024558,6.473244147,31.36928263,5.094259085,26.00225982,0
136.09375,50.67041751,-0.185723146,0.132908931,2.435618729,15.32119989,8.800590569,99.24573462,0
113.2578125,54.60572402,0.238349614,-0.311258869,2.330267559,15.86008389,10.04540645,126.6041526,0
128.625,58.58594115,-0.018614393,-0.697688359,3.414715719,19.41046465,7.221243111,60.92128451,0
105.84375,46.98511026,0.516410809,0.370935519,3.191471572,20.79525031,7.631377205,63.98988211,0
101.359375,46.91044233,0.333249158,0.478548348,1.897157191,12.57134657,11.35122758,171.9217168,0
145.234375,46.35840073,-0.05023288,-0.128192703,2.809364548,15.5567398,8.099294824,86.52401046,0
139.9921875,45.68908104,0.07195855,0.597103253,2.752508361,19.1676886,9.020873768,92.05519721,0
138.1796875,49.94926075,-0.217624844,-0.122530383,5.117892977,24.66681618,5.994141993,39.81821567,0
139.296875,52.25453918,-0.176183161,-0.324311747,0.752508361,11.03069382,17.34514096,332.7692154,0
65.9375,35.33981245,2.772094829,11.64852444,15.68478261,43.57830536,3.507107423,12.85577905,1
125.3671875,48.79098775,-0.29836232,0.12643046,4.915551839,26.11635386,6.24146921,41.76925936,0
104.3671875,46.46770907,0.393094013,0.01066231,110.5802676,99.07114304,-0.090313918,-1.801220359,0
130.953125,51.57016752,0.146369497,-0.20465776,1.748327759,15.60253728,11.5225507,149.5665519,0
107.3359375,54.83772614,0.541240992,0.124357612,2.337792642,15.1541558,10.00982709,125.1485123,0
13.109375,35.37836432,5.597915884,31.80896164,34.36956522,55.13577534,1.958834549,3.476016531,1
124.828125,50.58673081,0.233563176,-0.286907608,2.342809365,13.94996578,9.226187636,117.3081459,0
99.9375,32.51387925,0.747186996,3.504895527,1.537625418,11.70853199,12.32157226,208.0825548,0
98.8828125,44.52696183,0.754581806,1.367654903,7.441471572,33.29355225,4.87644221,24.14387103,0
88.6484375,43.32121843,0.48579832,0.91445327,4.25,23.3119791,6.117913582,40.22654898,0
125.15625,53.03130524,0.288845143,-0.228519922,3.605351171,24.86639426,7.28951026,54.61062014,0
116.2890625,50.04234962,0.293090485,0.251592504,2.581103679,16.5759409,8.850970509,92.53187169,0
97.984375,47.46034272,0.296463523,0.263468423,27.48327759,60.96164062,2.008609763,2.612302689,0
97.78125,43.75909504,0.65404197,1.000024737,1.4590301,11.89407656,12.26548641,200.8632386,0
100.3203125,40.84382098,0.287879412,1.189195163,5.151337793,22.58113591,5.413261531,34.27674925,0
106.6484375,40.04286567,0.555268574,0.994018035,7.339464883,29.67843515,4.609549287,22.78969891,0
138.7734375,43.74396652,-0.287830973,0.45472005,4.976588629,28.7181166,6.078561785,37.37820589,0
141.0625,49.52426015,-0.248185338,0.036178881,1.279264214,12.47856777,12.43719156,188.2850975,0
113.0625,51.45792426,0.500761131,0.04358791,18.06270903,53.97153573,2.910393188,7.087740461,1
126.578125,42.42836046,0.107175141,0.376458768,6.95819398,30.18994924,4.809889499,24.32285876,0
121.421875,47.6374015,0.136647902,0.390505949,2.913043478,20.23017541,8.46702983,80.41271943,0
133.6796875,49.43191871,0.086169554,-0.090199544,192.1404682,41.95239779,-2.01311013,5.425167607,0
127.9609375,49.45885322,0.194730075,-0.234678691,2.934782609,16.78017706,7.591314155,72.55805381,0
115.1796875,36.6491886,0.411479182,1.300174366,0.806856187,11.8311131,15.87928995,271.087355,0
132.09375,46.29498446,0.131189038,0.212466386,2.244147157,15.66109267,9.869735634,118.2008067,0
112.5390625,47.18711131,0.129595466,-0.126275519,2.31187291,18.8612845,8.90862045,84.42433287,0
91.3359375,44.38596297,0.518445463,0.843901202,2.185618729,12.7549188,10.45815453,157.4779102,0
128.5546875,49.99950134,-0.015376599,-0.014759148,1.409698997,12.37091365,12.76127664,199.9855065,0
122.796875,45.33372079,0.166874351,-0.109583214,2.935618729,18.98578157,9.015427273,94.30149679,0
131.3125,51.51209658,-0.153100843,-0.478785544,5.580267559,29.66768698,5.521320503,30.48331603,0
110.453125,42.08192519,0.280677323,0.669259748,2.325250836,13.78430586,9.062295046,115.9312479,0
127.9453125,49.7988624,0.154423984,-0.045697955,2.176421405,15.31431487,10.5184923,130.3958647,0
130.5859375,53.22953353,0.133408289,-0.297241641,2.743311037,22.36255299,8.508363784,74.0313242,0
137.078125,42.91991259,-0.180456387,0.121366484,37.15802676,74.75640001,1.623415939,0.845355053,0
118.7578125,46.03645738,0.215271455,0.029416775,2.287625418,12.91323816,9.985311486,145.0212062,0
126.421875,37.03874858,0.278754691,1.159046428,1.392976589,16.56847808,12.46839318,159.9307393,0
136.0234375,52.26352469,0.016300023,-0.522203659,2.940635452,20.91947424,8.605525468,80.52865435,0
93.2265625,43.6318431,0.52136022,0.909829501,1.351170569,13.16300266,11.95842709,170.503631,0
44.6015625,43.87595082,2.966424127,9.248106506,61.50167224,79.46991499,0.907306286,-0.606399475,1
128.28125,50.39809295,-0.113588671,-0.084867423,2.265050167,17.53255403,8.688011313,83.20561137,0
115.40625,45.3790352,0.27042253,0.18623272,2.203177258,15.89713032,9.45990383,105.7732169,0
124.5,57.0305565,0.094507747,-0.318829856,3.259197324,18.90288614,8.65515537,88.77212767,0
184.4609375,55.67384125,-1.58125809,2.080017595,172.9021739,77.0177061,-0.876239192,-0.593132236,0
76.390625,45.01392742,1.714454312,3.129246308,99.34364548,96.07759616,0.090846153,-1.768527737,0
121.84375,56.19267044,0.141366887,-0.713049953,1.665551839,11.70185006,12.54035406,213.3479484,0
112.75,48.30081521,0.410097155,0.042896248,3.142976589,19.43178083,7.207292262,58.53812525,0
117.9140625,46.88733627,-0.004076168,0.036205036,0.810200669,10.54088693,17.38773115,350.809307,0
63.6171875,37.80503461,2.541497624,9.008706645,23.5367893,54.96080529,2.597359761,6.045306323,1
107.734375,47.61966577,0.193134462,0.30055593,1.868729097,15.13341975,11.45036486,157.4345463,0
120.28125,49.46825647,0.150326886,-0.010712006,1.781772575,15.95824513,11.53643699,152.6039027,0
138.984375,54.05523569,-0.325903781,-0.581809354,97.80685619,91.78156044,0.059135576,-1.736498101,0
127.3359375,50.70907792,0.123086832,0.141283778,1.00083612,13.50390131,14.82204319,230.4707496,0
147.65625,52.77597665,-0.123452921,-0.271953898,4.867892977,24.62184104,6.582906091,47.36390099,0
101.53125,46.39469553,0.236188637,0.187751809,3.801003344,21.83586229,7.060129859,55.3261225,0
96.953125,35.61992494,0.551851658,2.333916069,2.75,19.03065319,8.233221891,75.56914246,0
87.125,35.8407938,0.599173734,2.821823504,2.336956522,18.29887524,8.851215769,85.03125553,0
91.6875,45.69989572,0.560429654,0.766810016,3.421404682,20.82089597,6.794225985,50.15505014,0
108.1171875,50.18958138,0.32519194,-0.043827229,1.239966555,11.7388006,14.39492749,253.6508732,0
111.703125,43.72791574,0.470639185,0.600006493,2.206521739,15.28152723,9.199769723,103.4780213,0
125.7109375,40.13787806,0.384483845,1.032119016,4.036789298,26.92905925,7.161932696,52.18243896,0
101.328125,43.38546512,0.374883926,0.377292722,3.418896321,19.26364202,7.134172179,58.95355939,0
95.0546875,34.33163369,0.790437465,3.239652195,2.25083612,20.08449437,9.638640415,95.56419279,0
117.625,41.63982469,0.111465948,0.440448251,1.716555184,12.32519621,11.45828163,176.9196014,0
101.5078125,41.66852006,0.207396092,0.366994265,3.378762542,20.62719372,8.099830893,71.63292347,0
99.421875,38.05148843,0.139083883,1.321676309,2.132943144,13.5783944,10.01307395,134.101531,0
124.7578125,48.94396447,-0.18316659,0.043597014,14.57692308,48.68944591,3.25423197,9.244579484,0
70.2890625,68.04469491,1.084958031,-0.126652662,138.2140468,87.86616269,-0.474627352,-1.370035377,1
121.0234375,44.81201444,0.519707876,0.565347386,1.586120401,15.69611421,12.12732728,159.5416531,0
115.21875,37.40027103,0.210132959,1.540130516,2.580267559,15.47825355,8.25932074,88.63415807,0
146.078125,49.15212505,-0.130417545,-0.240519361,2.405518395,17.8225723,8.612183739,82.88651921,0
101.09375,36.17825605,0.254002364,1.838224353,2.227424749,15.40740333,9.300892858,103.7459354,0
157.375,54.05148009,-0.764678068,0.338676214,2.019230769,14.1655453,11.67896872,163.9968472,0
97.5,44.21449847,0.242858373,0.484660517,1.87541806,12.05944159,11.18208869,181.3718462,0
29.6875,51.50284428,3.012862026,8.177625342,74.89297659,75.50350665,0.980612921,-0.325103855,1
53.6484375,26.42932493,3.804691916,25.79331793,75.7006689,84.41726689,0.47445706,-1.392164883,1
102.8203125,49.45016961,0.313559615,-0.046603177,1.736622074,12.35213669,12.18772355,194.5839792,0
109.421875,44.02655615,0.16187367,0.444566827,3.424749164,20.0772802,7.782878103,68.81475115,0
78.3046875,38.08718588,0.71004308,2.291860667,4.16722408,25.29727197,6.867284921,49.56550621,0
57.390625,37.82757641,2.789850937,10.94181791,15.89381271,46.54646251,3.364582732,11.32737864,1
84.515625,40.46680437,0.85831476,1.721351994,1.641304348,13.69126615,11.38150687,156.3340068,0
70.8828125,34.87805119,1.186757991,4.711106327,4.454013378,23.57838402,6.412000074,44.45264106,0
113.7734375,54.03040447,0.222659202,-0.297194582,2.635451505,16.16923089,10.09365844,129.1453931,0
120.7890625,51.63841417,0.323490322,-0.400269432,0.900501672,14.12856519,16.07710739,262.6151069,0
107.3671875,44.33041265,0.248269761,0.143980095,0.580267559,10.77837293,20.04678915,418.0204256,0
141.96875,55.18604011,-0.161578883,-0.367062154,4.913043478,23.95314819,5.998041651,41.15149815,0
143.6328125,49.30325026,-0.058490164,-0.148749785,6.357023411,31.68736482,5.248530346,27.64953444,0
116.8671875,53.59386787,0.469989854,-0.192291213,116.8896321,61.61430246,-0.492141119,-0.432755728,0
110.1953125,46.10010483,0.316793329,0.113052479,9.501672241,39.50814865,4.393015888,18.74393527,0
93.5390625,44.24221371,0.275824944,0.529077903,1.005016722,11.89073618,15.39346439,268.1418281,0
126.296875,51.01261477,0.049426164,-0.31736956,5.7090301,28.92032566,5.630835816,32.95626578,0
115.375,52.62589073,0.448982415,0.104403587,3.35451505,18.36574911,7.358722453,65.76400605,0
142.2265625,67.38557603,-0.409039498,-0.900755645,3.569397993,20.29900322,7.188012987,60.88625533,0
134.0625,48.34733544,-0.198835984,-0.113489268,6.16722408,33.04059724,5.618157816,31.52992065,0
101.6640625,36.01763399,0.293836765,1.755776558,0.806020067,9.733102013,18.18678619,413.3002309,0
152.1875,47.08531983,-0.918338417,1.732187347,117.0025084,101.582022,-0.053548893,-1.823983128,0
122.3984375,50.11008816,0.035901879,-0.019956118,1.814381271,14.2651314,11.54390548,160.5288295,0
120.6953125,41.3290074,0.078342734,0.459082291,1.254180602,13.59066942,13.15117243,195.0285708,0
89.9140625,39.02703937,0.642766708,1.46841101,2.33277592,18.99083468,9.303578167,94.12526108,0
133.2578125,44.05824378,-0.081059862,0.115361506,1.632107023,12.00780568,11.97206663,195.5434476,0
113.3828125,41.54969184,0.156559302,0.810982544,4.91638796,27.43885935,5.80708242,33.88117242,0
114.7265625,55.88083231,0.205754477,-0.396721991,1.628762542,13.42211431,10.78932116,146.7200857,0
126.4921875,47.40434383,-0.059104993,0.311292894,3.204849498,18.02930567,7.947923724,75.09488149,0
87.4296875,33.73927691,0.667346643,3.598324901,0.516722408,9.061692384,21.98807935,553.2319986,0
69.6640625,36.82481274,2.119994577,8.597450881,17.56688963,48.91450162,2.885591983,7.547988962,1
127.2578125,53.5801453,0.07400565,-0.234093079,154.2416388,61.58627175,-1.030287966,0.766167312,0
130.8828125,50.0304003,0.116591209,-0.114636095,4.218227425,22.27702678,6.473638897,46.13426966,0
143.1484375,56.07083827,-0.270948909,-0.550781493,1.914715719,15.44402183,10.56356751,129.3156193,0
54.953125,29.73262607,3.076377733,16.85425894,9.797658863,37.54657123,4.348138651,19.56521718,1
116.4140625,49.25563536,-0.125479822,0.120182487,2.18729097,21.33950845,10.28698684,107.4817111,0
133.9609375,44.22446338,-0.1487375,0.475086688,2.52090301,13.12878318,9.273148988,131.7916382,0
116.640625,47.24102666,0.304805137,0.058561675,2.515050167,17.15444132,8.04968986,75.7334786,0
133.6171875,51.97116404,0.034909449,-0.331804504,2.87458194,16.11105863,8.214414885,86.65019962,0
122.8984375,45.49052783,0.300062495,-0.034784916,54.88043478,69.66518052,0.853631179,-0.619453552,0
117.2578125,47.00652317,0.262181201,-0.187665991,0.590301003,9.71187114,20.24078644,459.4622779,0
122.8515625,47.95881857,0.030024009,-0.139649504,6.658026756,32.46280523,5.101731751,25.91370336,0
124.1328125,50.31236352,-0.001454404,-0.201500057,45.67307692,80.68434911,1.28418567,-0.195102207,0
102.84375,52.23496158,0.414344274,-0.174329441,13.11789298,38.43826629,3.172942759,9.990514796,0
111.328125,47.50199163,0.411758682,0.643980829,2.096153846,17.1562742,9.945347084,110.6587952,0
119.5234375,47.21906475,0.061022624,0.241343794,2.04264214,15.35866693,11.0075163,143.7519482,0
140.2578125,40.75656506,-0.363565874,0.77348455,1.137123746,11.261765,14.95840826,272.9815754,0
119.0859375,52.88977739,0.006784756,-0.336793784,2.299331104,17.81334003,8.686934568,82.20653747,0
134.7578125,49.20107756,-0.104248241,-0.014235136,2.024247492,12.38594443,11.11405195,174.2507489,0
105.96875,42.85275252,0.582507876,0.924778828,2.12541806,19.69600038,10.16590541,106.9360205,0
103.53125,46.30704885,0.456668786,0.512975942,5.988294314,32.65638777,5.66315559,31.79609585,0
140.109375,45.14736883,0.194126305,0.451394768,79.21237458,81.98691702,0.102627224,-1.914087857,0
133.9921875,52.66617986,-0.004548926,-0.159532628,7.127926421,35.14834101,5.083122563,25.26442307,0
119.234375,54.07467123,-0.020239711,-0.611059762,33.72408027,69.05211634,1.941636943,2.514493971,0
93.0625,40.95152432,0.656706386,1.090888663,1.214046823,14.93137042,13.31420863,185.4952405,0
42.2734375,28.70831621,4.890232581,30.85170959,24.42558528,56.14698205,2.569968811,5.957913098,1
126.0390625,55.62449471,0.272470026,-0.567775786,3.638795987,19.26031756,6.843022688,55.29454947,0
103.0,54.06506497,0.375239072,-0.346317476,0.892140468,9.299867214,19.51418001,482.143733,0
92.515625,40.16216822,0.456172209,1.41609128,0.704013378,10.05649679,18.34727978,392.4687293,0
82.9609375,37.24966492,0.829559672,2.49635963,1.911371237,13.98119274,10.51214514,135.4490829,0
120.59375,55.71389491,0.137535454,-0.232141931,3.531772575,20.84798845,8.088507973,75.91971125,0
130.609375,46.93699806,-0.111093156,0.184263068,5.41638796,27.73920952,5.70576836,34.32726627,0
124.7421875,51.23479136,-0.085092922,-0.422924813,2.815217391,14.86393592,8.231858988,94.20538243,0
121.390625,49.9637735,0.131396869,-0.218169857,0.612040134,9.285241401,21.19856392,518.1469712,0
106.953125,42.58866842,0.419904953,0.873690532,1.540133779,11.20637486,13.23397756,242.0184093,0
87.4453125,36.1692654,0.531284508,2.536336922,3.121237458,18.86870275,7.799635558,73.07249512,0
93.125,38.06244869,0.59041773,2.052424608,1.994983278,13.29086649,10.57561057,148.5655637,0
125.59375,44.88517251,0.025648212,0.430775469,7.02090301,29.31136158,4.797583149,25.15326364,0
123.6015625,47.70749742,0.129553394,0.227238282,2.028428094,17.02700573,9.969430203,110.9831882,0
140.1640625,44.22912243,-0.023167704,0.347119959,4.565217391,24.23560347,6.464108572,45.27151951,0
121.2421875,45.54629274,0.320767815,0.614311005,1.928929766,13.34745849,10.85677255,150.5869716,0
124.984375,47.44980644,-0.004244166,0.058885644,2.213210702,13.95257829,9.42128184,118.2257566,0
131.0078125,55.74614562,-0.006112052,-0.579011603,2.282608696,14.26377402,10.21265188,136.6893232,0
118.953125,50.77537226,0.058438341,-0.485124053,2.302675585,16.67795572,8.85615992,93.84777191,0
127.296875,57.04882221,-0.108170667,-0.602934976,3.387959866,20.00246612,8.280176686,79.53537215,0
114.7890625,53.58807767,0.31477629,-0.136776762,1.953177258,15.7767498,9.728664367,107.2627685,0
105.0625,47.98400612,0.362463216,0.282805,1.095317726,12.37138291,14.56504767,239.5055894,0
180.859375,45.32189288,-1.575234329,2.688959541,113.1847826,96.33413737,-0.180276285,-1.779612776,0
132.328125,42.44999068,0.282677469,0.628164198,3.057692308,17.18863033,7.962645876,78.8945716,0
117.4765625,41.49057966,0.039003095,0.564448044,4.206521739,23.11838786,6.357774961,43.62178497,0
126.7578125,49.7783754,0.101079293,-0.090332983,0.781772575,11.15630971,16.65512923,309.4235615,0
113.28125,51.51637141,0.365692016,-0.056710127,5.913879599,28.18509844,5.731266377,35.61077556,0
91.3515625,54.32822555,0.410262807,-0.284735698,1.113712375,10.93827831,14.91536885,282.1430943,0
133.453125,52.36095566,-0.125574541,-0.320351215,4.493311037,23.99907583,7.097239876,57.13171513,0
98.5625,34.62832791,0.31053589,2.51000163,7.641304348,35.19550176,4.7730363,22.13276985,0
114.8671875,50.69830666,0.093518828,-0.214991787,2.039297659,13.22500017,10.44217644,146.4540762,0
124.15625,53.58702582,0.041221415,-0.512002464,3.263377926,18.07754654,7.318583026,63.5661413,0
118.09375,47.12706187,0.080480093,-0.053200804,1.276755853,12.55953694,14.22632744,239.5158424,0
126.359375,59.53842435,-0.00080251,-0.656425154,3.873745819,21.69020122,7.597336531,64.5752416,0
93.6015625,34.55234703,0.703073859,3.038797852,2.193979933,18.76845795,9.199617063,88.63984058,0
114.40625,45.64527589,0.043662775,0.114669323,2.091973244,13.2924364,9.921934242,136.5427469,0
119.3828125,47.98113579,0.133798541,0.113315253,6.41722408,29.76758924,5.266317669,28.29980424,0
112.3359375,41.62355053,0.41903085,0.83480628,2.178093645,14.78522567,9.691654456,115.585638,0
83.2109375,48.25382957,0.652882252,0.464878722,2.837792642,17.49325077,8.857383915,95.74672901,0
118.6640625,52.06850616,0.16408021,-0.490737116,13.82441472,44.00213896,3.263639209,9.776448176,0
112.7578125,50.4611153,0.041855097,-0.454981747,29.98662207,63.62200106,1.86931426,1.947627276,0
100.3046875,40.1190725,0.197495816,0.893711317,0.79180602,11.89056706,16.48294212,289.3987122,0
100.6796875,55.506747,0.529025542,-0.05760713,3.084448161,18.15186933,8.423090762,83.6573353,0
156.1875,46.70063403,-0.504758424,0.371809214,105.6362876,95.91412331,-0.044197287,-1.761812451,0
98.15625,38.22454985,0.555301355,1.645971409,2.095317726,17.05350457,10.12005992,117.0766344,0
138.234375,53.10389057,0.024652389,-0.318715654,2.358695652,19.30755998,10.15411008,110.5845633,0
101.7734375,46.64011398,0.323892655,0.517729354,2.627090301,19.74777584,8.643802245,80.02095802,0
131.34375,48.71496137,0.13233844,-0.317174404,4.33277592,26.2584523,6.700986913,47.08225944,0
84.4375,40.31414725,0.796645937,1.536038171,1.75083612,20.13299737,11.44233305,129.2822375,1
31.703125,29.17976594,5.781621754,36.33574371,163.5769231,45.8697254,-0.180266075,-0.464227987,1
103.2109375,36.78944574,0.294395209,1.574455026,3.051839465,15.09254578,7.571114591,82.9938048,0
96.4375,50.36906758,0.717062953,1.182106258,2.178929766,18.62263226,10.04340182,109.34606,0
112.234375,50.01226168,-0.007246294,-0.072768736,1.446488294,11.04844816,13.8512228,261.1547286,0
129.296875,45.4473183,-0.065939876,0.388226869,3.428929766,19.66213274,6.652157025,51.09549314,0
116.59375,46.02299654,-0.021803635,0.123606299,2.448996656,14.18852664,9.254042096,117.4881778,0
85.71875,39.51363244,1.889408946,5.926838733,34.22993311,69.79415367,1.821871545,1.8100625,1
118.109375,44.12521855,0.17895125,0.354544667,2.060200669,16.5955142,9.751401707,106.4070965,0
85.859375,41.07971184,0.813598751,1.712672285,4.445652174,19.55592844,5.965684294,44.90906714,0
117.875,50.54700782,-0.044023982,-0.415874652,2.637959866,15.8032488,8.437251924,89.30300741,0
101.375,44.47067152,0.413024379,0.888906938,0.715719064,9.514086743,19.29038432,454.3232691,0
75.203125,38.72688007,0.986277593,2.531385994,1.550167224,12.65862529,11.736893,175.2614075,0
85.984375,34.26618787,1.064876034,3.50930825,2.556020067,19.03137804,8.405033071,76.61561098,0
130.953125,50.46964734,-0.056728316,-0.137756042,2.718227425,17.25904452,8.023364009,75.650985,0
89.8515625,40.91761728,0.863953286,1.779454466,3.915551839,21.51005969,7.82799294,71.95554455,0
120.7265625,52.09257307,0.197653269,-0.015164773,4.423913043,24.0317529,6.67330109,47.98170621,0
117.984375,51.37499762,0.219452179,-0.117037007,2.240802676,12.63755911,10.23352337,153.6174605,0
156.796875,49.09212631,-0.389759739,-0.142639456,3.128762542,19.13134872,8.31056471,78.98819576,0
103.7109375,49.65382544,0.654228067,0.475099564,1.482441472,13.24898656,11.69260667,164.7009344,0
107.6640625,42.86921924,0.216588507,0.682389426,1.865384615,13.38618963,11.63509565,174.1646564,0
121.0,44.03159377,0.488572749,0.454950653,3.224080268,18.29331682,7.91116855,76.8208454,0
77.78125,41.38556087,0.760277605,1.611028613,1.889632107,15.65294141,10.25611644,121.8521745,0
93.7109375,36.72685333,0.453836518,1.979513954,1.41722408,13.82991538,11.24135356,145.9156696,0
97.375,37.45434721,0.509851827,1.487418318,3.504180602,21.21093653,7.174457316,56.5738003,0
114.0234375,47.17677276,0.097761319,-0.433236723,9.530100334,30.50286346,4.023316723,18.89538647,0
113.5703125,50.11637762,0.154675167,-0.181702349,4.290133779,22.21945733,6.494905278,47.63560708,0
113.71875,51.71208416,0.18168785,-0.308866958,4.988294314,26.04334302,5.902053501,37.12494087,0
160.4375,43.30501378,-0.395569697,0.671172632,1.705685619,16.65005753,10.68676063,121.8119616,0
129.4609375,53.53969064,0.010610394,-0.328770172,10.6638796,38.02244628,4.172616486,17.81466538,0
75.1640625,37.05713016,0.795076518,2.875512424,8.95819398,36.412399,4.605350469,21.47460046,0
121.6484375,43.0855961,-0.1215252,0.77899746,2.785117057,15.98415224,8.368001403,90.07231467,0
128.78125,49.03792179,0.093784138,-0.18852481,8.848662207,38.5564522,4.385354135,18.28619392,0
94.8046875,43.23375031,0.473629875,0.514118331,2.552675585,15.01291755,8.748326563,99.65383468,0
139.1875,49.68018814,-0.107615674,-0.264712974,9.669732441,40.38929028,4.253016738,17.23105166,0
127.578125,48.2567368,-0.030213347,-0.088678545,2.112876254,16.95650943,9.351440501,96.80530844,0
93.9453125,46.83153128,0.437060582,0.164285302,3.523411371,24.36453822,7.643728055,61.21426093,0
112.234375,58.85953677,0.432710447,-0.377889411,1.795986622,15.84963365,10.22332539,116.9379292,0
140.0234375,49.19404576,-0.159448202,-0.056027598,0.491638796,9.081059914,22.7746177,573.5911786,0
130.1875,57.6955574,-0.060984875,-0.543809943,2.27006689,13.95399058,9.21682288,115.9112782,0
126.40625,49.26355104,-0.053176949,-0.07184699,3.906354515,23.60884407,6.973065175,52.1720817,0
161.859375,47.1855934,-0.315624329,0.193368061,2.897157191,16.06566662,8.806911891,99.30979296,0
119.203125,51.88634806,-0.067031054,-0.299423105,10.80267559,38.47310914,3.732132047,13.73110615,0
111.6640625,52.89158684,0.365273107,-0.026960391,143.611204,83.99735329,-0.905548779,-0.785030488,0
107.5390625,60.05347908,0.049760629,-0.806445279,1.454849498,11.56610208,12.7624478,220.0343258,0
118.828125,50.55444302,0.126804587,-0.069311059,4.265050167,21.66071184,6.70467075,50.80538157,0
98.9921875,38.99609277,0.753207207,2.47218517,1.849498328,17.62032,11.92815798,154.6695397,0
111.1640625,42.58461748,0.486544938,0.673016657,2.065217391,13.4127589,10.10591386,136.7214241,0
139.7109375,47.95459316,-0.266768867,0.29130496,2.127090301,15.35697532,9.577385772,110.4624284,0
83.6640625,37.10464032,0.976869343,3.291219194,1.390468227,12.74120627,12.07953726,177.9331595,0
123.375,48.18048749,-0.108205637,-0.207628256,13.73244147,48.37045573,3.479299886,10.78699105,0
128.6796875,51.95414649,0.107750834,-0.174005473,4.808528428,27.89830363,6.093725581,37.31047659,0
120.296875,48.80291349,0.080250622,-0.000884841,3.236622074,20.24255171,7.749887635,66.31825061,0
121.890625,56.07740665,0.207861982,-0.46126577,1.356187291,11.9889255,12.25849788,197.0392549,0
128.6953125,61.48482519,-0.021451733,-0.645660004,0.893812709,11.43929427,15.33564286,269.5730017,0
138.296875,47.17907365,-0.049368595,-0.123314207,57.25,84.81384421,0.93778421,-0.925802769,0
125.3203125,39.17686929,-0.118252793,0.893916279,1.259197324,14.12751439,13.63278983,200.5690501,0
105.3125,49.46348874,0.312940282,-0.203728613,2.927257525,18.25366302,8.844281163,89.97990091,0
96.0390625,39.92911734,0.383327201,1.421056805,2.505852843,17.66245567,8.849293806,90.58179662,0
69.90625,34.18525758,3.154099811,13.07111451,56.79598662,73.59892111,1.200914462,0.280631176,1
112.75,50.33683418,0.113057825,-0.066578124,0.868729097,11.95610668,16.147644,285.1398491,0
110.265625,45.26665515,-0.066088702,0.373827938,3.263377926,19.08018715,7.432289948,65.07049066,0
82.296875,34.29703872,0.871774634,3.877460063,4.02006689,21.44155778,6.744993287,52.76769416,0
139.3359375,49.33879643,0.018377689,-0.303914881,3.011705686,18.75082687,9.040004894,94.25887194,0
134.1328125,46.1719563,0.008403385,-0.009397683,4.820234114,23.90775105,5.835401911,36.94532221,0
121.0390625,52.34133798,0.218422593,-0.323783411,4.377090301,23.16750355,6.50349692,48.77949603,0
125.1171875,52.60163096,0.242858487,-0.403626809,1.048494983,10.08870305,16.6557956,360.4309041,0
56.2890625,34.87481011,2.868798457,12.75441877,37.52341137,65.14320695,1.701663358,1.916279077,1
125.90625,54.03809962,0.153132064,-0.389381706,1.933110368,12.35919522,11.43857106,180.5934197,0
94.109375,40.963443,0.624452746,1.442020138,2.962374582,20.62252938,8.027972475,69.26416326,0
122.5625,54.07427617,0.008688182,-0.583308201,2.648829431,18.37282302,9.260363282,100.2009668,0
95.7734375,42.85663142,0.912225337,1.99733417,5.929765886,28.19417413,6.027262065,39.04775269,1
134.6875,47.36968143,0.060980656,0.335603751,4.970735786,24.68680025,5.537456378,32.85218193,0
105.984375,42.46156063,0.189667225,0.200178372,2.801839465,16.16946304,7.998721229,80.82142911,0
60.1484375,49.56342052,2.042535958,4.475835277,7.959866221,36.35170628,5.155641077,26.6515781,1
107.6328125,30.75098349,0.402808027,3.63505743,2.418896321,14.1846145,9.782342944,126.3129466,0
102.484375,44.77565333,0.320150946,0.350227328,4.914715719,25.77036002,5.935802665,37.92626516,0
111.6796875,49.40551804,0.157161814,-0.293963715,2.219899666,15.34800234,9.303789519,105.2101406,0
85.65625,56.259921,0.973470661,0.293349733,1.826923077,12.8849804,13.17379348,216.2081237,0
117.2734375,40.9539976,0.3151508,0.796802957,2.245819398,14.39103124,10.12709773,132.1619633,0
117.6640625,41.57133879,0.274185623,0.8644343,2.029264214,13.85399185,10.81794756,146.4164894,0
92.921875,44.8954705,0.638107382,1.436253927,2.053511706,12.76408577,10.48362997,153.5699653,0
138.7890625,53.65393339,-0.154155658,-0.297889217,18.93394649,52.33695643,2.582111598,5.192975721,0
94.0390625,43.48624106,0.299901114,0.532320493,2.561036789,16.43082551,8.599435067,89.14958981,0
112.8671875,47.08940484,0.266959232,0.429016663,25.50250836,67.52319676,2.287294178,3.288400847,0
97.4375,35.62582236,0.525302495,2.269370701,2.869565217,17.61298102,7.691252955,70.56809369,0
117.234375,57.69024023,0.176004545,-0.646466729,1.987458194,13.03554479,10.35139498,145.965463,0
85.28125,36.75870167,0.841032945,2.330002356,14.16471572,41.12454116,3.022195853,8.549238937,0
101.2890625,35.08675684,0.455185419,2.309512225,2.858695652,17.61975555,8.189531342,80.53724446,0
101.375,34.69352425,0.145436024,2.54110028,1.501672241,11.12031332,13.22063164,245.1523566,0
104.203125,49.00244882,0.337055907,0.027494175,22.08361204,57.25543919,2.455170824,4.548635462,0
97.78125,48.41518639,0.764503375,0.956568717,4.953177258,28.24358598,6.096649805,37.7713555,1
95.9140625,38.90794973,0.487542656,1.278809355,0.990802676,9.543024332,18.22715229,433.7960636,0
114.390625,35.82863606,0.453346891,1.580612173,1.893812709,12.90541596,11.07042787,165.3345208,0
104.0546875,43.77272777,0.319864705,0.248275814,3.009197324,17.17402806,7.703628399,74.35535104,0
138.28125,56.5635618,-0.234483193,-0.341407951,2.821070234,19.7623783,8.429256986,77.19177508,0
119.53125,45.43641462,0.106581482,0.447991732,4.587792642,22.35790848,5.784374622,38.06441395,0
124.2890625,48.1172319,0.000672884,-0.10080241,8.220735786,37.49445584,4.739159503,21.91586266,0
108.5703125,44.70348204,0.156500061,0.274166818,4.246655518,24.95136132,6.241269718,39.9952366,0
114.1796875,53.81746255,0.214671183,-0.506763613,2.013377926,15.21248019,10.37661817,128.2708267,0
123.40625,57.97216971,0.061309817,-0.739849897,2.051003344,13.39494891,10.19791709,139.3454495,0
34.46875,27.84048802,5.882122601,40.57944292,30.10702341,57.3401683,2.28921339,4.723828954,1
106.3046875,51.39241776,0.385041256,-0.093450881,4.115384615,22.46439168,6.843944011,53.6419805,0
121.609375,52.28291941,0.028331699,-0.336576647,1.883779264,12.35859298,11.33630832,177.2589225,0
107.859375,48.76197519,0.350537398,0.325215525,2.804347826,14.73274223,7.707069216,87.2232191,0
109.34375,32.77156673,0.275441649,2.679992894,3.254180602,21.39473588,7.802422953,65.06109868,0
95.5703125,47.15825809,0.619954867,0.576317466,1.894648829,15.11407918,11.0939449,145.1457681,0
125.3828125,55.77481526,0.249407116,-0.39393812,4.054347826,23.71626221,7.204839271,55.49785037,0
147.75,52.6730778,-0.339437386,-0.057833615,2.224916388,17.89822812,9.513261482,99.84429397,0
107.9609375,42.1966013,0.114300332,0.431232869,1.912207358,14.23083061,10.07876729,125.1681734,0
144.53125,52.01290968,-0.336493203,0.033192742,1.712374582,11.24718682,12.55575371,230.382285,0
98.171875,43.36060809,0.36203417,0.476510772,2.429765886,15.30479356,10.39669914,135.7715116,0
119.8203125,60.85438994,0.140590565,-0.5981894,2.194816054,15.66634784,9.401898715,104.1930905,0
107.2109375,47.47592356,0.165711454,0.179461178,3.341137124,18.56910658,6.917665675,56.48476456,0
154.8359375,46.13393839,-0.313311753,0.082159219,7.258361204,30.11531858,5.232191563,30.44459502,0
121.53125,45.34364232,0.102670287,0.506626476,2.79180602,18.84932244,8.439358578,82.8536807,0
126.671875,57.25765634,0.270676792,-0.450089165,102.2725753,102.4402066,0.029007986,-1.949108868,0
65.578125,33.34727532,2.351981687,9.971397801,6.403846154,31.10990258,5.646217665,33.64550365,1
114.8046875,46.86134111,0.171423052,0.789467023,1.433946488,12.30288672,13.08859354,208.2135748,0
110.328125,49.52715628,0.330367444,-0.179625348,1.933946488,14.42161902,10.4391882,131.9612833,0
117.3515625,43.28423317,0.11965457,0.712320952,3.199832776,17.30991461,8.279671798,88.36750745,0
133.0859375,52.80817694,-0.211585074,-0.295598653,4.035117057,26.52150205,6.923330065,48.70415228,0
144.03125,49.80947097,-0.030212555,-0.363438073,2.438963211,19.45156373,9.49126817,99.02605807,0
121.3125,56.47313382,0.306302574,-0.35863156,2.765886288,17.74316129,7.976476213,74.26631987,0
103.84375,43.75168524,0.290134362,0.313298649,59.92892977,79.04697261,0.589917107,-1.583326213,0
105.140625,50.38240243,-0.001635269,-0.286845771,15.58528428,46.46238005,2.920141917,7.396587824,0
122.328125,52.65128639,-0.052703441,-0.498774663,1.777591973,13.48940001,10.48314615,140.4109892,0
103.3125,49.77916074,0.323966762,0.173118399,2.966555184,19.0064824,8.693478484,86.52080917,0
18.296875,30.71602782,5.776291204,35.34187925,55.08277592,63.57774324,1.253040864,1.000620808,1
76.9453125,39.99673983,2.180057856,6.701225373,35.3729097,62.64764289,1.833560009,2.580722771,1
127.3203125,47.78482591,-0.210849934,-0.151054308,9.519230769,38.42110186,4.08824163,15.72331737,0
12.203125,31.2170725,5.926254772,36.8500351,98.86789298,77.91638134,0.156919399,-1.081045933,1
101.8828125,45.07036531,0.39761313,0.61403104,3.438963211,20.54537649,6.734601235,49.93804761,0
112.109375,39.20981908,0.048114396,0.940525928,2.224080268,12.64567115,10.35476917,156.2274734,0
96.7109375,40.04297542,0.690636071,2.15323244,3.066889632,17.40619025,7.65247399,70.58552774,0
129.6953125,56.49426943,-0.072875514,-0.274919093,1.977424749,14.89462402,9.587471074,112.2679012,0
95.953125,47.45258478,0.42349201,-0.000417814,96.78177258,80.45819893,-0.326654061,-1.791285423,0
92.28125,42.97036361,0.599915852,1.198989355,0.851170569,11.99844988,16.87042838,310.717073,0
77.6875,41.74583624,0.779730139,1.904372361,1.346153846,11.82695367,12.72446032,209.814162,0
122.2578125,49.00035811,-0.024932442,-0.267607142,4.617056856,26.83756122,6.128133657,38.17247469,0
84.8515625,39.85287196,0.561780715,1.29622791,3.922240803,21.74259895,6.774843453,51.05833856,0
114.03125,54.99288839,0.078090646,-0.39993856,2.752508361,14.79951703,8.677846957,102.6063021,0
119.5859375,52.96247601,-0.047793239,-0.508931867,3.334448161,16.67363842,6.928247293,64.05880288,0
140.328125,48.9462571,-0.205391759,-0.402983824,1.601170569,12.93515983,12.25761396,187.509478,0
32.0,34.03146522,4.652769143,24.41458478,32.15133779,56.69458168,1.968229065,3.428495837,1
112.890625,46.4038378,0.162237378,0.227387944,1.58277592,12.93852215,11.39397284,163.9404131,0
97.609375,50.98609406,0.422172707,-0.133086293,2.637123746,15.87920833,9.718109285,119.5905828,0
134.890625,52.1633903,-0.017061472,-0.374914986,3.733277592,22.01310638,7.145845867,57.14864936,0
110.734375,52.99727062,0.334865815,-0.342738007,5.555183946,31.29174613,5.738767091,32.37700312,0
80.96875,37.88303081,0.776930779,2.457622502,1.336120401,13.40646027,12.39316855,175.8943427,0
27.640625,29.4766153,6.166295329,41.40723034,60.32525084,73.5358334,1.178987652,0.310896843,1
110.546875,48.02552371,0.317969022,0.229941326,1.204849498,12.4211497,13.4454741,215.2652216,0
120.40625,55.29712887,0.187578178,-0.099090105,2.580267559,17.01419077,8.253149279,80.74722841,0
103.9765625,45.07623141,0.354434003,0.445232913,1.441471572,15.23936394,12.5371628,172.9881479,0
101.546875,51.30817725,0.326426159,-0.132630129,0.802675585,12.27082325,16.97627133,305.6644666,0
111.0078125,40.56871025,0.694214717,1.666077082,2.827759197,15.58949024,8.04203063,84.55699414,0
132.4140625,46.74941967,-0.227629633,0.366542276,1.871237458,17.27778579,11.21566444,139.4504771,0
135.09375,44.82159732,0.111096512,0.186362507,3.62541806,18.06260451,7.825417426,78.68758732,0
96.4921875,43.94403331,0.499402046,0.989876125,2.037625418,17.57719017,10.73064832,126.2633036,0
104.3984375,54.915324,0.448082802,-0.33969223,1.123745819,15.16077951,14.89332465,227.3026009,0
106.6640625,51.33533708,0.209299984,-0.36277088,1.529264214,11.59798938,12.69881847,218.5555944,0
117.671875,38.61551449,0.340664965,1.471322804,1.328595318,14.53832043,11.9794173,154.8049571,0
31.5078125,32.41961118,4.863106117,28.54648857,25.98160535,50.55684568,2.392551815,5.598698289,1
134.171875,52.55772264,-0.076331653,-0.428360511,3.990802676,22.95172516,7.568262678,61.97040445,0
137.765625,43.54729548,-0.032194399,0.170853558,3.149665552,17.83659127,7.98439711,75.60194716,0
46.2578125,45.56661437,3.097241596,9.697285897,84.49247492,75.77417014,0.527439516,-0.783823003,1
105.265625,42.59263514,0.798784333,1.824332712,1.010033445,12.21743777,15.97586937,289.5293334,0
132.59375,45.08350542,-0.007378934,0.283999669,2.651337793,18.96012379,8.554398205,81.95998741,0
104.1875,44.17485675,0.509948655,0.658674432,2.487458194,14.68836854,9.415702189,114.8541501,0
133.3671875,50.69792142,-0.269857467,-0.071438802,118.2959866,82.49001774,-0.682174789,-1.409935136,0
106.6875,45.70092142,0.350802392,-0.035886546,6.280936455,29.59986223,5.070671514,26.46114358,0
101.3046875,35.86444936,0.602188285,2.030946974,1.327759197,11.82783119,13.40550947,224.7730278,0
83.5625,49.76000999,1.265306632,1.688382358,99.55100334,76.35509309,0.347931154,-0.948039572,0
110.5,46.12838741,0.230679616,0.254059824,2.9590301,19.65001026,7.669819479,65.16570442,0
80.1171875,37.82972151,1.031391062,2.957205662,1.839464883,12.50067481,10.97305694,166.8678158,0
58.5703125,40.79343613,2.644697701,9.397979894,18.9632107,50.77822774,2.936072285,8.017277145,1
95.34375,35.14555393,0.440785613,2.280172353,0.91722408,11.66100056,15.16039901,261.2878424,0
153.109375,48.17679589,-0.267568205,-0.018614441,1.119565217,12.39935746,13.71480344,215.7792591,0
95.09375,46.89623477,0.509591116,0.18068176,9.449832776,34.19313616,3.715105535,13.31516997,0
150.0625,46.28237887,0.103998317,0.000667209,3.629598662,25.30464735,7.417923799,56.2440008,0
88.09375,45.78182593,0.362940187,0.404065164,2.64632107,15.1290821,8.618369034,98.26093845,0
122.4140625,54.05820465,-0.025467255,-0.429857584,5.446488294,28.19037015,5.841543867,35.90101448,0
127.34375,53.37872316,-0.154418249,-0.25199008,106.5551839,94.61619954,-0.143800815,-1.825641622,0
134.453125,45.5264105,-0.109418113,-0.3655176,2.369565217,13.93794933,9.279926163,117.8230615,0
114.8828125,49.97759202,0.226060071,0.252912405,0.977424749,12.64548747,14.34109958,223.6817047,0
142.390625,42.91110622,-0.001936351,0.292316438,1.401337793,12.13522464,12.95126257,212.6768086,0
118.9921875,51.56950651,0.237207161,-0.289735963,2.524247492,19.9873768,9.060470046,88.53577329,0
100.9296875,42.51326697,0.333591654,0.726115686,2.273411371,14.58648509,8.880086248,103.2605738,0
91.84375,45.53114276,0.548549956,0.855244093,3.605351171,22.55598249,8.174975516,74.8198045,0
123.8671875,41.51851452,-0.004028403,0.449698432,2.023411371,16.01293751,10.24164014,120.3487174,0
121.875,56.53538715,0.103530625,-0.88840475,1.52173913,16.20991157,12.60851445,168.8714779,0
129.578125,51.29580413,0.072288856,-0.431489386,3.193979933,19.70830336,7.001363883,54.09821459,0
122.1171875,47.27159247,0.054668033,0.11621038,35.52090301,66.23552077,1.588661013,1.035076685,0
117.671875,39.79618178,0.395027257,1.08315388,2.045986622,13.05437787,10.39191402,148.9430452,0
121.5390625,48.91956126,-0.049874814,-0.013090931,2.984113712,21.04173862,8.362402844,77.12413734,0
144.8359375,54.29862126,-0.067812732,-0.415673563,1.445652174,13.33293341,12.41308916,180.9430852,0
108.9296875,40.99164999,0.089389853,0.704405952,2.18729097,19.44562023,9.449779997,91.8794685,0
117.9609375,51.58827422,0.166451395,-0.261494018,3.161371237,19.57751627,7.604437193,64.4833687,0
104.59375,52.0587765,0.425018303,0.164212031,1.454013378,12.2071882,13.01122027,210.0554354,0
110.6875,51.33449589,0.067028384,-0.409667198,6.406354515,29.50121181,4.955393779,25.12772638,0
71.3671875,38.07596664,0.92443235,2.797503306,2.14632107,18.12907534,9.839423998,105.6076957,0
116.5703125,55.28331626,0.021811624,-0.558824836,100.4180602,88.82462226,-0.209359205,-1.876804425,0
86.390625,44.50618538,0.610356369,0.802806166,1.994983278,15.40821269,10.88150409,140.5890979,0
103.4375,49.4854382,0.211492687,0.151729904,7.084448161,31.70701566,4.799010727,22.96452615,0
81.640625,36.08296308,1.346785056,4.938703095,16.65217391,51.13121117,3.052324452,8.112335087,1
98.6875,43.91446765,0.552936762,0.87291316,2.517558528,14.53431619,8.575758023,100.703242,0
18.8515625,27.89995795,6.442400642,45.41388046,154.7968227,67.85918695,-0.349759232,-0.790003375,1
91.921875,49.76297089,0.455257072,0.024737875,1.863712375,15.74835515,10.57315364,127.9219451,0
94.71875,48.19652761,0.301964321,-0.13938985,0.943143813,12.81062653,15.78732063,271.5156114,0
96.171875,35.42026904,0.325329941,2.096320609,2.72909699,15.94173724,8.732830361,97.42523303,0
115.3203125,45.5615884,0.299414607,0.642795754,1.788461538,16.34308893,10.58825144,122.0038904,0
131.2421875,39.97689686,0.121136659,0.387842977,3.515886288,22.10700448,7.928905177,68.95676937,0
60.703125,31.76927549,3.313739102,16.68021966,8.569397993,32.9654126,5.150714223,29.13568299,1
131.6171875,36.01434634,-0.052324831,1.491689491,0.91638796,10.04761402,17.13958489,371.5919968,0
127.4921875,58.32974639,-0.04460885,-0.866985093,4.10451505,18.85594784,6.3460208,50.89862756,0
127.1953125,48.48679888,-0.079756348,-0.437799201,1.33361204,11.94538466,12.81121034,209.5778566,0
141.984375,49.52824074,-0.265027809,0.263586742,2.862876254,18.98810382,8.245698842,76.22090712,0
105.5,48.52109722,0.378284797,0.026113547,2.162207358,22.10057074,10.45426491,109.2904646,0
86.921875,41.07303126,1.555088354,4.178343996,6.592809365,33.13763103,5.670572406,32.64354815,1
21.6796875,30.53428749,5.876555783,36.83901532,45.02508361,61.51146158,1.514671247,1.720126594,1
141.796875,43.2953807,-0.070158659,0.507896592,2.448996656,17.96954616,9.120125908,94.19737394,0
121.8359375,48.85817763,-0.169392319,-0.082079748,0.936454849,11.94367952,15.53747077,266.0277054,0
136.265625,40.44836299,-0.106333714,0.58672109,0.944816054,11.20575125,17.09585771,339.891205,0
87.9296875,36.88118245,0.849846907,2.343288491,3.535953177,25.12516251,7.732316834,61.31965239,0
123.515625,44.71174768,-0.091204187,0.038660468,3.940635452,19.61989948,7.139694703,62.63131662,0
93.9375,45.40473372,0.371352159,0.294220307,1.785117057,15.19686244,10.98289506,139.0813137,0
134.96875,49.68949485,-0.00051984,-0.044021246,3.893812709,20.30946849,6.701622954,52.80170195,0
155.40625,44.95560962,-0.240121397,0.271229756,2.938963211,19.00058405,9.389682282,99.76809381,0
124.1796875,40.25357779,0.166569576,0.608172109,6.178093645,26.55216778,4.848897911,25.64934171,0
121.0625,52.17200369,0.185505283,-0.258217587,2.530100334,16.03825684,8.93707387,97.5856405,0
116.1875,53.31140093,0.021479881,-0.383254194,5.993311037,31.36530829,5.40302204,28.88295222,0
114.609375,49.99925537,0.118881465,0.023189738,1.877090301,14.94557944,11.08469234,146.8434768,0
120.0,50.92534364,0.277509474,-0.006992449,1.02006689,11.14631778,16.88726924,329.7478651,0
81.109375,36.79869953,1.512642171,4.522207806,8.422240803,38.71216751,4.747951339,21.65644713,1
141.6484375,45.21452163,-0.195525045,0.099358317,5.41722408,28.01843047,6.079397014,39.00361018,0
127.5703125,51.49676622,-0.111681163,-0.194833089,4.921404682,26.11212977,5.732764676,34.25556231,0
143.4453125,52.86654906,-0.052546118,-0.346465967,2.418896321,14.32404289,8.879929161,107.3532274,0
55.953125,41.07479066,2.547778343,8.074386621,46.8770903,68.08017684,1.375718846,0.965702458,1
93.4921875,44.25776699,0.415144787,1.145633001,2.423913043,18.02321237,8.622337529,84.11589412,0
135.5,51.45067419,-0.100779229,-0.291633925,0.950668896,11.02710591,16.16151662,308.997681,0
38.390625,36.95335624,3.922403667,16.47158311,112.7265886,60.93219266,0.326603238,0.111317135,1
95.5546875,44.51155198,0.599631524,1.1032387,2.036789298,13.03687789,10.08720597,142.424572,0
114.8671875,49.50684471,0.078554821,0.015810691,3.336120401,19.96528927,7.596134892,65.35361924,0
138.0234375,52.89929478,-0.025784581,-0.46207108,164.4640468,90.13326929,-1.109238147,-0.533104407,0
120.6171875,47.99855484,0.14448989,-0.037085085,5.076923077,29.73937689,6.198140711,38.6587252,0
102.4921875,45.53003749,0.349167696,0.799912297,0.788461538,11.66819279,17.10226843,314.3810256,0
124.0390625,53.62899203,-0.125473151,-0.488166109,6.136287625,26.68556512,4.898881291,25.68613431,0
103.9453125,49.67618717,0.263475883,0.27805082,2.52006689,14.25603546,8.937613104,109.4008961,0
134.0078125,57.18152238,0.102930658,-0.775648728,44.73076923,77.12641811,1.167820064,-0.57144222,0
145.8046875,45.25657041,-0.064244654,0.475712177,2.489966555,13.59682482,9.059966875,119.4598288,0
123.7265625,46.56710797,0.10403902,0.035030117,2.242474916,15.0670653,9.815773367,117.4180496,0
118.6640625,47.38592838,0.021010743,-0.059765138,1.086956522,12.75557969,14.50835274,235.6752135,0
90.9296875,45.51822842,0.69321695,0.943858543,0.581939799,10.79494842,21.34627442,476.098405,0
108.734375,46.1981947,0.221453671,0.156551177,3.294314381,18.03657565,7.569446037,68.59477965,0
121.75,52.32739483,0.13096893,-0.262563403,3.939799331,21.13121266,6.460370684,47.15873314,0
129.890625,56.73984413,-0.082427204,-0.485891578,2.481605351,13.58758887,8.889759051,117.5481658,0
120.4921875,51.90541218,0.269488505,-0.042289246,2.297658863,15.50477414,9.840712704,118.4004951,0
124.6171875,46.86051795,0.263877979,-0.103966444,1.620401338,15.64675007,11.35299778,140.0272762,0
79.0703125,37.84903887,0.919685114,2.684044468,1.053511706,12.93786848,13.90915614,213.5690813,0
119.53125,48.09056195,0.358883632,0.525938724,7.802675585,34.48856424,4.62372935,20.97594263,0
149.6953125,48.77219985,-0.211301434,0.087574018,22.52508361,60.94814019,2.396545434,3.948694763,0
97.671875,47.23265379,0.244584297,0.147136522,0.213210702,7.370432165,34.53984419,1191.000837,0
84.5703125,37.39583107,0.551061177,2.107783982,3.297658863,22.90463057,7.723185417,62.81689101,0
83.3203125,32.71704773,1.917684673,9.863056319,30.91973244,77.22112569,2.111699707,2.500354436,1
121.5390625,45.72521568,-0.026728606,0.287432642,0.983277592,12.82052811,15.16544443,248.8015312,0
124.6796875,51.5109111,-0.087150606,-0.234226506,5.834448161,27.96930384,5.741135324,35.47447386,0
119.0703125,54.46432083,0.082501355,-0.167191444,0.617892977,9.939801125,19.55378071,429.0153292,0
115.6953125,46.36835508,0.322879963,0.201948563,2.878762542,15.51656307,8.144236172,87.3027116,0
117.4921875,42.90924217,-0.017215728,0.15372616,14.93645485,46.83575488,3.035971334,7.873780834,0
90.1796875,39.89545588,0.48054988,1.115247371,1.545986622,12.97155593,11.98906156,173.0592395,0
134.59375,44.99851343,-0.028947681,0.02238843,2.50083612,14.52396817,8.856896169,106.2348349,0
130.625,51.92241809,-0.109775948,-0.153957702,61.86705686,91.27882722,0.819712367,-1.277827154,0
137.3984375,46.53180026,0.01882859,0.061386981,7.985785953,32.05830232,4.676049993,22.90394504,0
108.8828125,41.86597311,0.611750884,1.079684634,2.560200669,14.17982532,8.86113861,110.8545857,0
133.3671875,56.54462716,0.032098564,-0.481222279,2.757525084,18.03943289,9.191633022,99.69278934,0
120.046875,50.48682677,0.04366276,-0.524891659,3.170568562,16.88702387,7.529901374,72.4206622,0
84.8046875,36.11765898,0.825012787,3.274125373,2.790133779,20.61800857,8.405008383,76.29112787,0
148.3125,47.9413297,-0.389339693,0.103106395,16.48913043,51.6644601,3.05690054,7.984433967,0
125.34375,45.24610437,0.115605652,0.462337615,1.796822742,13.11639519,10.90854224,154.1721962,0
133.984375,47.17917714,0.063700553,0.058919283,3.677257525,22.83497254,7.000833334,52.80947491,0
110.1796875,55.07756372,0.119192149,-0.251229081,1.738294314,14.62173801,12.38694691,175.8621674,0
138.9765625,48.90176135,0.116474235,-0.440870565,9.089464883,37.42796233,4.347298608,18.46522154,0
126.0078125,45.93618129,0.132299904,0.249782403,1.656354515,14.39004445,11.66051999,161.2825848,0
128.8125,45.60457591,-0.021829744,0.367626019,4.872909699,26.96121149,6.23498471,40.15793412,0
149.4921875,46.8778326,-0.360606208,0.133999953,115.2575251,108.9314268,0.001224535,-1.873491399,0
118.265625,42.04285098,0.185130893,0.749145393,2.718227425,20.9342026,8.646505025,79.35216198,0
133.0,46.21975362,-0.100521095,0.004872325,4.273411371,23.71735733,6.582654292,47.44413002,0
130.9609375,49.14446217,-0.022589421,-0.319308336,23.13795987,54.24842396,2.182909202,3.400618758,0
119.65625,45.97833007,0.346986766,0.629663031,3.370401338,27.31543281,8.011788013,62.44816464,0
43.8359375,29.16755939,5.37773886,35.34372686,56.36705686,71.10855297,1.240486371,0.495013089,1
118.0859375,49.58893957,0.008047852,-0.322087662,3.236622074,17.16202631,7.656996735,73.71986437,0
101.96875,51.31260467,0.538338094,0.269931371,3.629598662,19.18334597,7.201465495,62.03406397,0
146.2265625,46.16820721,-0.047821727,-0.038709454,1.22909699,10.86929135,14.71706507,281.4016169,0
126.1953125,45.2275598,0.129967323,0.17125582,3.724080268,23.29756878,6.803778518,48.59627515,0
117.484375,47.79660428,0.490023932,0.261854073,19.75334448,49.47711741,2.400370794,4.509323072,0
150.828125,52.60615895,-0.262291657,-0.006883181,2.373745819,13.43844929,9.479700231,128.4593177,0
112.0390625,52.24437804,0.450467692,0.009122308,0.586120401,9.413669062,20.98961525,500.9787248,0
17.4375,28.46784096,6.776964762,48.40094904,71.68561873,55.56210025,1.501304,2.025067411,1
104.0,37.5709745,0.234788798,1.435248216,2.377090301,15.17018651,9.076673371,104.2697857,0
20.5078125,39.08424317,4.261682593,20.41471705,111.84699,69.75701376,0.405443654,-0.903514666,1
146.1796875,50.36265879,-0.086766962,-0.274251371,15.72742475,47.96137608,3.012620436,7.907030801,0
118.671875,50.44104067,0.290294523,0.104113283,4.164715719,25.35695915,6.748251005,47.44040939,0
92.21875,47.68056757,0.657956771,1.12427301,1.547658863,16.08756046,11.74535483,148.7049815,0
113.65625,42.05900571,0.392402228,0.638595892,9.760033445,36.33852505,3.867539259,14.78367153,0
116.4296875,49.84486615,0.001757595,-0.131665702,2.051839465,15.26381128,9.8356595,116.0817742,0
114.3515625,42.43203938,0.356290117,0.543448551,3.285953177,19.29034026,7.856728017,71.78880807,0
47.4140625,31.60016993,3.240700034,16.55758793,21.86287625,50.98031878,2.550215406,6.050767158,1
128.78125,48.49950668,-0.132934997,-0.3086467,4.659698997,27.84591648,6.271304539,39.43878714,0
115.234375,46.68971454,0.289336391,0.380396524,2.262541806,16.3280941,9.84443555,113.545002,0
128.0703125,51.27989732,-0.051498914,-0.373343242,1.985785953,13.31276572,10.90495572,152.9019579,0
131.6484375,50.25491112,0.009662008,0.085276723,0.213210702,7.370432165,34.53984419,1191.000837,0
45.5390625,29.88020413,4.635340378,26.25011305,32.57274247,54.81280603,1.913243272,3.389580912,1
8.9609375,30.21728664,7.513116634,55.84523749,75.5409699,56.31345171,1.133982021,1.029379562,1
85.546875,37.10034101,0.73102412,2.443917103,1.095317726,10.67876702,15.57583048,306.0842513,0
119.765625,54.41442312,0.250616241,-0.612919038,3.647157191,20.46134091,7.408732085,64.90997664,0
108.2734375,38.48390793,0.570701801,1.192304491,2.005016722,14.8207791,9.308569599,106.851566,0
102.875,47.40121306,0.263869928,0.109732231,2.474080268,18.93564609,9.638164515,103.192997,0
112.234375,68.69457816,0.216636377,-1.127849659,187.6538462,53.29554667,-1.713696573,1.896711237,0
104.109375,33.19808785,0.355939152,2.972156038,3.43812709,19.31841146,7.47060784,67.68373645,0
37.2265625,33.25263496,3.643542588,16.96713818,132.5560201,45.16922146,0.303267649,0.675769791,1
130.375,48.19669984,-0.147063042,-0.259248861,4.091973244,25.78875923,6.724442539,45.95910013,0
121.25,51.3158114,-0.183961662,-0.141365392,3.829431438,24.52456287,6.899229266,49.42724142,0
145.078125,49.45904388,-0.157525365,-0.071840753,6.180602007,32.72898481,5.377041944,28.10122547,0
124.0078125,49.2764041,0.054164115,-0.151303807,7.934782609,33.3421619,4.678420219,22.76669273,0
84.0234375,37.2633082,0.771127977,2.860835574,1.964882943,14.82587128,9.982282552,119.7865478,0
112.40625,50.2646803,0.285994309,0.09274953,90.63712375,85.95518059,-0.074639079,-1.925150925,0
94.2421875,38.08866016,0.490929532,1.629228636,0.897157191,11.76250314,15.77892784,277.5045073,0
125.3984375,56.23699014,0.111789383,-0.521751578,1.128762542,14.5571234,13.98180856,205.7591349,0
121.875,51.25335355,-0.235955143,-0.353229627,103.7324415,101.741337,0.08409911,-1.859814513,0
126.7890625,38.0393818,0.14177705,1.248204205,5.522575251,28.68500929,5.577820732,31.80551555,0
72.7421875,34.7300406,2.048370952,8.714217534,4.142140468,25.96337522,6.859046095,48.94787763,1
103.8125,42.74063311,0.33246784,0.641666399,1.678093645,16.20368538,11.60825655,147.8254796,0
113.7578125,45.04507224,0.305346767,0.268854228,1.627090301,15.90239045,11.66790282,150.7517606,0
108.359375,45.6069715,0.636330543,0.957835849,3.010869565,20.79271118,8.554171998,79.75174851,0
111.21875,44.39611074,0.325249755,0.4680619,2.381270903,14.42075974,9.397771773,115.8287741,0
79.109375,39.61498974,0.684276621,1.646754522,2.974080268,17.03964972,8.607001076,91.98973038,0
77.890625,41.04879611,0.757895774,1.538641102,1.898829431,13.56227918,10.11878393,133.5718203,0
104.828125,51.93853179,0.402108783,-0.105684584,2.444816054,17.60509195,8.567573097,82.16920197,0
147.9921875,50.4417201,-0.107939893,-0.094670036,17.69899666,53.11001423,3.087925928,8.422609741,0
117.46875,48.69643492,-0.157196497,-0.028180804,2.148829431,14.94240639,8.885179751,100.1734848,0
119.3359375,38.99464654,0.017841668,0.626083872,3.101170569,20.08599319,8.24345875,76.22847268,0
119.9921875,51.3411531,0.214492295,-0.342845155,1.850334448,13.77386072,11.13282795,154.5172866,0
57.09375,39.25486385,2.359459563,9.069668714,5.211538462,29.25255443,6.038938618,37.19579402,1
130.6328125,53.13380384,0.163213636,-0.787813653,142.1856187,82.33954089,-0.687955054,-0.923200345,0
116.3203125,48.17593629,-0.0213621,0.154443068,1.947324415,18.21962083,10.48291516,115.5174945,0
139.0234375,59.96202768,-0.241032136,-0.713381389,27.37207358,65.97863384,2.144201215,2.88462045,0
112.9609375,50.22891385,0.21185198,-0.022867584,1.235785953,10.8818337,14.29569422,272.1856644,0
117.1875,43.40808356,0.092835528,0.668261946,2.546822742,16.76660506,8.65377886,88.11865256,0
117.703125,39.52537938,0.36626332,1.215337501,3.088628763,17.22967528,7.614301398,71.32587103,0
125.96875,51.60713031,0.106987611,-0.515704012,2.594481605,16.90377853,9.371371993,104.1369339,0
129.25,51.16624253,0.174480063,-0.226149463,1.27006689,13.6365192,13.33027045,205.4587755,0
99.2578125,49.79618555,0.55576714,0.6115482,1.940635452,13.94233181,10.97263756,155.0802524,0
120.15625,53.9340508,-0.075317639,-0.60171547,65.01421405,84.871045,0.708684168,-1.225191205,0
144.2421875,49.52283976,-0.108099944,0.165934683,11.49749164,45.51776632,4.036983928,15.09870568,0
129.84375,44.44175217,-0.236497699,0.352750235,2.227424749,13.43142314,9.808892861,132.7595372,0
115.1328125,38.7008501,0.132910616,0.792616828,98.159699,86.18732271,-0.218886993,-1.859503561,0
104.890625,45.03908622,0.413367575,0.965809828,3.402173913,24.27138154,7.615671583,59.13099725,0
130.453125,52.15165077,-0.282177201,-0.237630039,2.692307692,16.63177765,8.450150627,85.40319011,0
125.765625,52.55421076,0.022741094,-0.266224969,28.58361204,55.13650314,1.777837371,2.018603685,0
117.046875,51.97728761,0.175155919,-0.223755887,3.091137124,15.97387777,7.50088876,76.03836498,0
127.90625,56.41745041,-0.114977724,-0.466256471,5.56270903,26.94827041,5.242122809,28.56733978,0
116.9765625,41.61682819,0.1291729,0.61396047,1.242474916,15.22643149,13.50540919,193.8022286,0
125.9375,52.38450839,0.231696838,-0.25858802,3.876254181,25.97786049,7.26359447,54.01563415,0
124.625,57.06219195,-0.073662086,-0.528359852,1.150501672,11.0785018,13.88542697,255.2205059,0
78.8203125,43.13757672,0.674706208,1.19163715,1.058528428,13.54596729,14.58769241,228.3992314,0
113.1875,57.8435052,0.693296624,-0.1424789,4.668060201,25.28329819,6.844521764,50.69205775,0
100.9375,54.56343069,0.453628401,-0.406630775,85.00083612,88.00389072,0.45129296,-1.382968547,1
70.2421875,62.11591308,1.467380578,1.379962883,80.69816054,75.42230069,0.516624722,-0.891577062,1
94.5078125,37.28039785,0.879222388,2.381900942,2.441471572,13.72078541,9.237693605,119.6291395,0
111.7578125,40.63456543,0.256004096,0.730339669,2.027591973,13.07727514,10.69930792,154.9138745,0
24.4453125,28.9287402,5.990057921,39.79235909,38.47658863,60.54986574,1.724759343,2.405349384,1
93.9296875,37.88699967,0.352917788,2.046485116,1.00083612,10.84433021,15.43465653,295.5145578,0
129.8046875,47.32402577,-0.015331362,0.169093672,9.013377926,37.22996179,4.216576559,17.1289223,0
126.984375,48.37709691,0.224752702,0.38636732,9.857023411,37.1910973,3.928965722,14.82668149,0
104.1953125,45.70405114,0.316854507,0.261690602,22.32859532,64.37510179,2.553126251,4.576720775,0
107.4765625,55.88450211,0.291016007,-0.438014659,2.47826087,14.17291787,9.713147797,128.3497762,0
108.5,52.94085733,0.411376891,-0.269748206,2.214046823,16.90904262,10.20057051,119.4367186,0
111.2734375,46.20093932,0.302414386,0.101822265,3.720735786,24.98823679,7.222917698,53.51876122,0
104.609375,54.8247541,0.572020746,-0.231160352,3.274247492,20.20426722,8.384973217,80.41558883,0
128.703125,44.88359238,-0.017787153,0.490291517,2.31270903,17.07212339,9.323117475,97.79955654,0
106.71875,53.79299697,0.462474344,-0.346987421,57.57190635,83.44498727,0.984810471,-0.635519829,0
124.421875,48.7180359,0.313633392,0.193367151,2.04180602,13.08104112,10.36670167,146.9489811,0
96.609375,41.99260247,0.612718803,1.228900732,2.755852843,19.48171918,8.308670203,77.12062106,0
106.5,49.06612248,0.245742325,0.140377159,2.331103679,15.41756813,9.008040658,100.3676162,0
19.6875,43.1521201,3.76633529,14.057489,132.6956522,65.79586868,-0.29502055,-0.515455096,1
137.296875,47.71077567,-0.118764609,-0.219308146,7.238294314,33.05947673,5.051736565,25.69667357,0
31.59375,33.38165605,4.32401085,21.06324237,67.14548495,70.7444686,1.07293357,0.162345566,1
8.2734375,32.70624817,6.015472886,37.02988934,73.28177258,47.50191021,1.431424939,2.364449475,1
99.4296875,42.17331865,0.267713702,0.875581401,1.870401338,16.96684038,10.97599893,129.9305222,0
139.984375,49.51830223,-0.200709268,-0.040071129,2.852006689,16.88285443,8.334169097,84.25156113,0
82.765625,39.55899162,0.706494344,1.654302273,2.558528428,14.90860964,8.226176559,91.95719284,0
113.15625,51.32896927,0.154290148,-0.483234636,2.696488294,21.38281484,8.673379453,77.88043916,0
122.5703125,48.56031745,-0.000999884,-0.105243227,3.129598662,16.49229353,7.677601883,76.24889984,0
87.875,52.16814761,0.679992661,0.167300839,1.510033445,11.94422936,14.33942524,256.996328,0
76.2421875,41.3186448,0.737893677,1.619931769,2.873745819,16.93623531,8.079410963,81.91157269,0
135.171875,49.61919194,0.15254156,-0.325279748,2.920568562,18.85815416,8.813103885,89.3588874,0
56.5625,29.50364119,2.998386497,17.24222402,65.2090301,78.93437297,0.627879144,-1.261211285,0
127.6953125,51.79309175,0.256588826,-0.209024052,2.998327759,17.37343137,7.862877849,74.88730676,0
131.0,55.93578908,-0.023598123,-0.536651281,1.159698997,10.85679424,15.01997351,289.3627896,0
96.171875,47.1861522,0.532841226,0.271836603,6.547658863,30.11816588,4.984496146,25.6869615,0
8.109375,33.7090572,6.172109061,39.09460495,111.3520067,72.14791573,0.204405534,-1.189458162,1
69.796875,39.13525412,1.575813416,4.686156925,4.503344482,28.02717546,6.969244435,50.08877144,1
98.9921875,45.38937377,0.408522546,0.361049546,1.950668896,15.84878611,9.932203919,113.3182285,0
128.828125,51.29664179,0.116606257,-0.188586242,6.321906355,29.00122628,5.546768247,32.960998,0
142.1953125,56.81604893,0.024181319,-0.537703297,3.066889632,20.56071539,8.419689707,80.13408983,0
126.296875,46.3561888,0.178590441,0.43704932,2.011705686,12.4470731,10.64609032,164.0832985,0
117.0390625,44.92831136,0.246678318,0.071911629,2.173076923,19.31916349,9.522359495,94.17665468,0
102.7890625,52.29373952,0.418448498,-0.076064449,9.283444816,35.87744972,4.074898853,16.39839298,0
117.75,43.04757543,-0.035055242,0.544146454,2.397157191,14.76256764,9.441226076,115.2360354,0
117.5390625,47.79561014,0.32289327,0.217889878,1.89548495,17.92976672,9.943131725,103.0286784,0
132.7734375,42.20063959,0.148349539,0.652739916,1.098662207,11.83853035,14.16884668,236.4930536,0
136.734375,53.59665398,-0.284614307,-0.293600012,1.570234114,12.52325931,12.07785928,183.803792,0
122.8046875,52.81764895,0.131073625,-0.358660018,13.13210702,51.24902419,3.666345136,11.53207639,0
84.71875,37.83515592,0.552948261,2.249434276,2.346153846,19.11548892,9.204093262,92.11715428,0
96.703125,47.69276009,0.587355042,0.306566433,2.809364548,14.29258687,8.379854589,103.1403473,0
120.203125,47.15952969,0.183625934,0.143575895,1.601170569,12.22348876,13.14748392,217.440804,0
97.9609375,41.854921,0.272434375,0.531683324,7.24916388,34.52278281,5.182488301,26.92363312,0
69.2109375,36.15237984,2.602622367,11.03299416,11.81354515,41.38266061,3.902658237,15.15191981,1
113.78125,48.07252618,0.303440551,0.162500704,2.0409699,14.71783076,10.1966608,128.7650253,0
118.0,48.65615968,0.055570175,-0.078968065,1.088628763,12.33698403,14.64903447,246.8228656,0
47.6953125,32.61747006,3.369682394,17.05788326,20.3687291,50.43180095,2.846431489,7.865091491,1
105.0234375,49.66929145,0.216725221,-0.095071098,1.994983278,13.65307033,11.09788253,160.7824,0
129.9375,44.41226428,-0.197245073,0.419744513,3.835284281,21.44516518,7.03715423,54.93016455,0
80.6015625,34.894336,0.835325111,3.378965264,0.799331104,11.42453205,17.37386095,332.3844593,0
105.625,41.35724695,0.369407557,1.022974544,0.952341137,12.5853037,15.38298083,255.8740901,0
141.9453125,44.08360463,0.062528058,0.159557705,4.448160535,25.00658418,6.066847686,38.62288696,0
124.421875,46.56809687,0.343008352,0.268200105,1.871237458,20.42357011,10.87275186,116.7813095,0
114.8359375,53.54186116,0.275238199,-0.282135352,6.621237458,33.46509464,5.277951757,27.2734502,0
107.25,47.18613409,0.404841604,0.014689024,4.531772575,24.1417877,6.279773099,43.36348624,0
122.8125,50.33757139,0.215538847,-0.018450482,2.502508361,14.76468127,9.131512896,107.8059856,0
132.640625,50.28213127,-0.135232464,-0.266753291,1.31187291,10.69400605,14.44379461,285.4444751,0
121.15625,47.20276036,0.29573703,0.480364736,1.782608696,13.39399975,11.04035422,155.4962355,0
100.6484375,45.61551097,0.76468005,1.68014046,6.324414716,30.15531322,5.377667442,30.41432407,1
126.203125,54.12635093,-0.06147934,-0.064375798,5.462374582,29.25226611,5.819094678,34.77649247,0
79.171875,37.80007221,0.843412349,2.443362264,2.760869565,15.94942909,9.280534979,111.038288,0
105.5078125,47.69728702,0.231763463,0.018627137,1.83277592,16.09842623,10.53236966,122.6056314,0
118.2265625,46.51700207,0.367447,-0.055255631,0.741638796,11.68915851,18.34771307,356.7835368,0
112.8125,45.53342694,0.241053395,0.252976508,4.367892977,27.2744954,6.750003011,46.747311,0
163.796875,56.37310964,-1.014641249,0.543343171,199.3135452,59.31843536,-1.534873625,1.759212753,0
121.0234375,45.94807954,0.311997839,0.220758964,2.526755853,14.28771907,8.427850384,100.9300203,0
108.546875,58.14621379,0.286448664,-0.467998786,2.790133779,22.5099815,8.544111837,74.8759762,0
101.21875,49.10717512,0.207075887,0.155970262,0.83361204,12.42932827,15.92050481,264.8952293,0
138.109375,56.92528469,-0.187536159,-0.478549864,3.336120401,22.86434621,7.869346288,65.8619061,0
88.8984375,35.54373183,0.406385761,2.79020942,2.847826087,16.44704445,7.461010939,71.21221042,0
86.9765625,48.25752287,1.664957245,3.479541913,22.90384615,55.94717963,2.621128662,6.138580656,1
105.5859375,48.31011918,0.46267345,0.322048979,2.325250836,15.89594292,9.228164351,103.1776412,0
108.765625,43.81361168,0.251548402,0.227560106,2.653846154,20.59768902,8.887964367,84.31953123,0
123.1171875,51.91619164,0.165330251,0.076440748,22.41137124,55.86358808,2.473383285,5.142636137,0
133.84375,48.92204218,0.013062815,-0.129623936,1.213210702,10.21592269,15.63139109,333.9944306,0
108.96875,46.6979887,0.311399735,0.561534212,2.460702341,15.30299206,9.034760197,104.3919232,0
120.3515625,45.99687317,-0.136512196,0.364982462,2.044314381,14.22309851,10.46455445,135.2652113,0
83.3828125,37.5266824,0.606270094,2.52160106,1.476588629,12.91664635,11.9481964,174.9137902,0
108.953125,44.1134651,0.553253573,0.360724383,1.58277592,12.13127765,13.03505591,215.1494516,0
106.9375,51.98253162,0.373787183,-0.372326523,5.489966555,26.01187791,6.047664671,40.43893685,0
91.1953125,36.42416321,0.625315539,2.169497194,2.346989967,13.46204249,9.609474671,130.570196,0
116.984375,55.21789004,0.078207512,-0.551182422,2.099498328,14.31008601,9.29484009,112.6664421,0
149.5078125,50.18963976,-0.211361956,-0.096879205,5.028428094,27.34914588,6.500586008,44.32675023,0
72.65625,34.34781596,2.81900457,11.73185348,7.4590301,33.43391866,5.142988304,27.54852764,1
109.1484375,43.65437583,0.035750495,0.496639323,0.822742475,9.065278932,20.43408626,526.6295627,0
128.296875,48.88640522,-0.174761938,-0.016688056,3.108695652,21.20235894,7.554835514,61.33005877,0
124.4609375,49.22142292,-0.152559224,-0.306960686,3.237458194,21.72572574,7.338810983,56.9232601,0
118.046875,52.04848391,0.032455688,-0.470521367,2.684782609,14.87698058,8.229044005,92.85048158,0
113.6171875,45.18367396,0.507641968,0.723140415,2.7090301,21.43557553,9.03286449,86.463195,0
91.09375,37.37885379,0.666266558,2.250327765,2.622073579,16.83634529,8.75345395,90.38077976,0
124.5234375,49.51041002,0.055244827,-0.188136126,1.782608696,16.73453657,10.99100033,131.6580393,0
105.0390625,50.09544053,0.281113877,0.205128536,2.168896321,15.59730175,10.6102776,132.1526673,0
118.5,47.63156123,0.12795854,0.534506904,2.915551839,16.51968702,8.833995302,100.7654495,0
100.0390625,42.90494624,0.560001925,1.104896338,2.224916388,18.22009846,8.873573062,83.5079832,0
45.390625,37.43707937,3.789654194,17.40835227,37.30434783,62.85762711,1.726342662,2.207774532,1
129.8515625,37.6576042,-0.144962082,0.931783817,2.517558528,18.02234379,9.294153211,97.69010102,0
118.390625,44.34580631,0.078323438,0.499365329,1.641304348,14.86981183,11.45662268,148.072945,0
39.078125,36.33967558,4.164490187,18.16470068,92.64799331,65.21835465,0.573204141,0.011578999,1
143.7578125,42.01650459,-0.272219529,0.651014794,0.814381271,12.91983233,16.60416403,285.2511409,0
120.171875,56.64184481,0.321899629,-0.399542344,89.16137124,93.13634885,0.116887235,-1.92141734,0
99.0078125,41.7774042,0.380067961,1.031761317,2.351170569,17.38705811,9.305365186,97.13840929,0
108.3984375,36.9945815,0.038040008,1.390557669,2.459866221,15.78479523,9.234755984,106.3062842,0
119.421875,48.7899851,0.155460743,0.103703934,2.630434783,14.52292192,8.620127422,102.35052,0
104.0625,37.47890031,0.381301627,1.401753113,1.703177258,13.60889525,11.70869055,165.9993289,0
142.4296875,45.6078193,-0.191066054,0.384655737,2.433946488,17.68560867,8.80983049,88.67903572,0
123.390625,48.50486998,-0.082856721,-0.148708215,1.695652174,15.4245715,11.04239421,136.4735174,0
84.7734375,40.68979733,0.76343397,1.44273732,9.671404682,36.35158885,3.975498822,15.62542528,0
95.28125,38.0057433,0.680264594,2.195606362,2.143812709,17.32304862,10.22465381,116.8027291,0
94.6875,40.24218674,0.402418334,1.302280634,4.33277592,21.22718242,5.800181058,38.42667498,0
128.46875,54.75255951,-0.265409181,-0.389773871,6.702341137,32.96529585,5.237655805,27.48565743,0
96.9296875,52.81589243,0.62527019,0.139080905,2.474916388,15.01098392,9.013335192,106.4937967,0
86.6796875,43.20245465,0.263564626,0.606125456,1.859531773,18.47212492,10.42016431,111.4556109,0
55.4609375,33.90840197,2.590021483,10.46368843,21.26839465,55.18975207,2.694901588,6.32777355,1
124.7265625,48.0189928,0.252168026,0.196495823,2.549331104,21.40300688,8.759057529,78.20906415,0
127.3125,46.98649241,-0.041379736,-0.258334497,2.862040134,16.4782779,7.823328687,77.07679908,0
110.5546875,44.32564308,0.246508163,0.7237131,3.596989967,18.55011627,6.995714249,59.47373054,0
113.8125,57.69230749,0.460655972,-0.252969593,161.1956522,66.80626546,-1.286922997,0.554700709,0
136.546875,44.74962629,-0.053491991,0.088683126,0.579431438,9.355102252,21.15584496,509.9057726,0
126.40625,48.06171773,0.172157428,0.100895558,1.41638796,11.04212967,13.98503022,261.5635467,0
101.078125,48.58748704,1.011427043,1.151869868,81.88795987,81.46413633,0.48510512,-1.117904163,1
129.5390625,49.29865971,0.045526977,-0.306168706,2.370401338,20.10343055,9.292539539,90.72494602,0
126.3984375,46.34388104,0.126643989,-0.268494906,2.724080268,18.36809949,8.625457943,83.05470247,0
51.9453125,36.58643631,3.600842373,15.91857133,30.66722408,56.18289796,2.164494779,4.226554637,1
118.1796875,56.7238973,-0.008117241,-0.606142219,6.066889632,31.54047472,5.434257662,29.59900909,0
87.3203125,38.17618155,0.60815347,2.145275272,2.327759197,17.37548918,9.045234913,92.66883434,0
130.0546875,52.7023346,0.126536137,-0.382977193,2.554347826,17.96362609,9.160959055,96.05198004,0
120.296875,54.72721549,0.301236667,-0.456309875,21.50585284,63.01505473,2.771419055,6.015646074,0
112.265625,46.01655347,0.462040265,0.432797488,0.857023411,10.12086453,17.23614664,367.5767427,0
110.09375,43.97645633,0.170386965,0.033583204,4.316053512,24.7469219,6.564766459,46.10468892,0
113.6875,45.65936206,0.30847785,-0.11029069,36.09615385,56.95591752,1.242758696,0.156954171,0
99.5859375,55.32228407,0.594382781,0.096532069,3.60367893,22.28228265,8.435698581,76.80096233,0
121.546875,46.73159052,0.0451835,0.02022565,8.89548495,36.22497909,4.498832536,20.28826775,0
137.5546875,49.89407665,0.165620163,-0.328969634,1.558528428,12.94362949,12.25416016,186.6185137,0
126.09375,52.17015992,0.308289479,-0.421265194,2.83277592,18.73768392,8.979732113,92.54397542,0
106.53125,49.52460523,0.257787404,-0.02209817,1.411371237,11.87137043,13.06334119,218.1064317,0
84.8203125,34.29272736,0.857444985,3.457104899,7.483277592,34.16513441,4.963685039,25.01479111,0
131.703125,56.15719558,0.021443828,-0.695850785,2.326923077,15.55095124,8.863316746,95.94038789,0
97.09375,35.54540176,0.375064869,2.368516218,7.705685619,35.38224619,4.9491059,24.45760383,0
140.9921875,52.42978878,-0.240785204,-0.487395509,0.968227425,9.341388136,19.03617062,469.5407905,0
111.453125,51.12253346,0.304423851,0.034867887,3.39632107,16.15767169,6.952280853,67.73375623,0
105.8515625,53.51286204,0.452041898,0.126917305,2.831939799,19.12927374,7.432878605,60.43216253,0
45.0,30.36908379,3.774394214,20.90031147,62.74331104,83.78552108,1.02618067,-0.46882176,1
51.8125,40.51518812,3.19798188,12.99949592,9.144648829,36.50003408,4.431189768,19.80402692,1
118.8359375,44.2386598,0.162767352,0.523188482,2.404682274,14.39876823,8.859535594,106.9288888,0
148.0546875,55.45300778,-0.352113242,-0.160510693,24.63795987,63.96070489,2.374820811,3.944087152,0
105.2421875,51.34803826,0.139749819,-0.286050465,5.442307692,27.04197498,6.005610555,38.73816754,0
122.78125,52.03843794,-0.061258296,-0.464313451,2.985785953,19.48618322,8.363367738,77.32979148,0
96.3359375,43.95705954,0.302221125,0.693380615,1.807692308,16.21695944,11.3224755,144.3686334,0
113.5078125,37.1401476,0.268951085,0.886607732,3.013377926,20.1212002,8.210667748,76.41522076,0
126.71875,44.15967786,-0.062526363,0.402277185,4.161371237,26.29740274,6.564308857,43.14917233,0
122.015625,49.93370361,0.221610962,0.213615412,2.31187291,18.81210276,9.213490966,91.09510735,0
131.9453125,48.76014455,-0.170860079,-0.28680517,2.846153846,17.44560807,8.064323053,78.32668695,0
104.15625,49.65748897,0.189059464,-0.179743979,5.81270903,31.6877012,5.760203905,33.68003241,0
132.3984375,48.2961793,-0.147034925,0.022783604,1.826923077,18.68031472,10.73325088,116.8001432,0
134.921875,57.05351235,-0.205911985,-0.270425257,1.610367893,15.54463934,12.41775819,169.5687177,0
132.0703125,48.29890391,-0.182375024,-0.342833228,1.665551839,11.96043578,13.47691732,235.6680759,0
121.859375,52.88397299,0.132283405,-0.429663738,2.757525084,16.21855543,8.531360954,90.5749101,0
125.3828125,37.63623609,0.108129275,1.344528242,1.593645485,16.93511402,11.88633629,148.8079368,0
100.890625,50.02909066,0.431107988,-0.053959206,2.058528428,12.63204183,10.58171515,158.3761252,0
134.671875,50.41454858,-0.088268167,0.123149725,2.97993311,18.52304716,7.891715424,70.71150021,0
100.4375,47.18509928,0.871410906,0.999551784,82.36956522,91.67323574,0.467307832,-1.502436634,0
114.4296875,48.66558133,0.140018772,-0.184154138,0.786789298,9.118168459,20.35517975,518.0124183,0
124.9453125,45.11501077,0.133875024,0.291070084,10.5493311,40.74646392,4.048411406,15.93342465,0
121.828125,43.70231497,0.234856672,-0.032099019,1.131270903,12.76296608,15.31812245,265.8693812,0
123.6484375,55.53427853,-0.037355943,-0.721605899,5.87458194,34.05824722,5.709084341,31.1298979,0
130.2578125,54.74789466,-0.074437166,-0.443905015,2.430602007,18.27606125,8.929331431,87.36297722,0
113.25,41.07386639,0.179792562,0.408007255,2.759197324,18.2829546,8.943910851,91.57093572,0
109.65625,42.92552371,0.389973754,0.399045481,2.2909699,18.85352673,9.482633331,98.37150174,0
124.0234375,45.06323072,-0.030454028,-0.215418369,2.788461538,21.32707311,8.248969804,70.63975204,0
110.8125,51.6414547,0.346588752,-0.090994273,3.836956522,19.98300295,6.54790527,50.61399961,0
125.7421875,55.70208789,0.197004551,-0.303184627,4.951505017,29.66452882,6.384963147,41.36215101,0
61.3984375,41.71917647,2.069210316,6.344919248,53.57107023,75.01623547,1.208300966,0.236256073,1
92.9921875,41.78394879,0.395004496,0.803442171,3.367892977,18.41163764,7.288738343,64.39238047,0
115.4765625,47.23031416,0.125991278,-0.130416331,88.08862876,88.35155438,0.149566003,-1.766947488,0
133.1640625,52.98198063,-0.132383847,-0.49394484,27.84448161,66.77087985,2.141015131,2.898545592,0
104.4375,42.27657263,0.339560008,0.785962419,1.407190635,14.22844841,11.83290092,156.7896558,0
98.484375,43.78212827,0.348837612,0.556812928,2.77173913,17.14732262,8.28333027,80.9546442,0
116.7578125,51.24996129,0.073771863,-0.335321195,1.622073579,12.2685658,12.11775777,191.0306216,0
123.9140625,52.56618259,-0.033775958,-0.540122547,1.734113712,13.6134969,12.24179184,185.6107629,0
76.3046875,40.31759824,1.586844849,5.187632711,9.080267559,35.21216504,4.561970169,21.33031538,1
61.5859375,41.06787966,2.18369337,6.679820259,26.76003344,62.80335165,2.378670462,4.365465102,1
86.5234375,39.82912032,0.659755587,1.512194676,1.736622074,15.75502351,10.70752888,126.4471927,0
132.1484375,43.18765193,0.087881954,0.406906979,2.16638796,15.8750843,9.86559534,116.9400349,0
138.875,51.22072335,-0.097108316,0.071419109,3.142976589,20.13301402,7.656571876,65.13080938,0
131.46875,41.92775362,-0.098552611,0.858819441,2.259197324,18.62236152,9.316408231,93.31909641,0
105.9140625,42.60777279,0.321508839,0.817274676,1.805183946,12.52307595,11.03269206,166.4132425,0
137.765625,45.97697868,-0.185911656,0.233483644,1.871237458,12.35214125,11.59489828,183.1745319,0
144.0078125,57.15637761,-0.26901943,-0.400150418,6.251672241,29.91525442,5.574107038,32.55106836,0
99.796875,38.79520737,0.078051154,1.329634512,4.02173913,18.24832046,6.505613307,55.00471908,0
137.109375,58.53687865,-0.11208577,-0.580171595,2.321906355,14.27205405,9.623402094,120.6699338,0
101.875,48.3892098,0.90330635,1.33565622,3.452341137,20.33269036,8.646318497,84.57565832,0
135.2265625,51.31432166,0.113239854,-0.396073456,0.741638796,11.46148,17.04554294,310.5881479,0
30.28125,30.98032074,4.6991239,26.99715183,55.93979933,63.7597895,1.120805656,0.671562048,1
137.6875,47.13705913,-0.082479963,0.033542577,2.956521739,16.75341874,8.450386872,90.9998608,0
126.671875,55.89696288,0.148622784,-0.333998625,0.763377926,11.14176046,17.07908266,321.312136,0
139.34375,48.95157644,-0.048969233,-0.318249557,15.73411371,48.61418521,2.977375859,7.45146613,0
123.2890625,47.50495901,0.238072815,0.216695713,1.567725753,14.06077094,11.93932429,166.8840288,0
111.6328125,43.95343258,0.379512512,0.484780376,1.752508361,11.98015159,11.53639007,189.1087228,0
31.078125,28.75478476,5.289599162,33.34031871,13.18979933,43.06308971,3.62716438,12.93496762,1
117.90625,44.92501348,0.440930812,0.31289228,11.50250836,40.27764213,3.569731437,11.96257793,0
113.7890625,40.59030294,0.433673509,0.967505478,3.4590301,17.99714285,6.895982415,59.05837073,0
108.7421875,55.99236082,0.390816969,-0.172656279,2.740802676,16.92975969,8.421033823,85.26010022,0
122.5,45.22962248,0.210674626,0.390012023,2.293478261,15.48534719,10.22247801,130.8967391,0
120.515625,55.54727496,0.075882252,-0.676333781,2.745819398,17.66174013,9.29847156,103.1805494,0
101.03125,42.49484114,0.605286161,1.44115486,1.276755853,16.31984331,13.09367213,172.1733701,0
116.546875,45.85930579,0.054155619,0.164519242,5.980769231,30.24872586,5.81413435,35.04808381,0
122.828125,50.10132068,-0.111336906,-0.174419462,2.980769231,17.8081695,8.895023447,96.37511294,0
130.3359375,42.79388781,0.215424553,0.301679876,2.705685619,16.137536,9.096293667,102.4561397,0
140.09375,53.87781859,0.0282912,-0.395483274,6.183110368,31.7256332,5.411043052,29.15179729,0
132.8046875,47.50938371,0.231969185,0.222906464,6.474916388,31.42738947,5.129647528,26.27498482,0
84.7109375,39.26813919,0.579595905,2.110222245,2.938963211,18.17879761,7.724942579,70.28972319,0
91.4140625,42.18088417,0.336397824,0.700548238,2.386287625,14.11134459,9.300448124,118.070421,0
84.0546875,51.99208302,0.818566414,0.037857783,158.0008361,95.23927357,-0.799085173,-1.044223249,1
146.3515625,60.23658951,-0.204958128,-1.232924426,43.26337793,78.79283639,1.772345089,1.59526936,0
117.3125,50.09674235,0.43341809,0.091720478,2.796822742,15.31054318,7.957957444,85.47099724,0
108.84375,49.56914954,0.193958862,0.426008461,1.120401338,14.14759343,14.05143063,208.9176457,0
108.8046875,56.6771364,0.19238677,-0.167891629,6.095317726,27.11062334,5.408757031,32.5932263,0
77.453125,34.84964566,1.107848728,4.170899815,0.734113712,12.27654615,17.60262155,316.5134487,0
122.46875,46.83330437,0.25061431,-0.134560412,2.277591973,13.33162808,9.593197095,130.6952237,0
123.4140625,47.00922904,0.251153285,-0.100744843,99.28010033,94.97381775,-0.056445974,-1.927265902,0
119.296875,49.19720511,0.505185057,0.300301293,10.70234114,38.19368473,3.868481344,14.86447264,0
115.78125,40.50403867,0.298893648,1.087703773,1.923076923,18.45085045,10.68052966,119.8716945,0
126.3359375,48.17891093,0.176930025,0.059179164,4.097826087,22.33848671,6.636810562,49.11470704,0
128.515625,54.94585181,-0.012552759,-0.658278628,2.891304348,17.75294666,8.913745414,94.08210337,0
43.9453125,29.93177362,3.491773354,20.16036777,17.25585284,50.15385783,3.264342834,9.945489911,1
137.2578125,54.74446977,-0.355213976,-0.623684985,3.795986622,26.79633674,8.242887469,67.9801424,0
87.4921875,48.58915711,1.08793288,1.226100829,13.48076923,42.15783527,3.052826039,8.164593538,0
108.296875,47.40539252,0.462361504,0.120479725,3.022575251,19.59541425,8.179942886,75.08747933,0
163.796875,58.10044634,-1.13701311,0.389991719,0.857859532,11.48380553,17.69240103,351.74618,0
103.71875,30.83371164,0.429166659,4.124845562,0.838628763,11.5376313,16.43614907,299.5097272,0
116.34375,50.48923733,0.144794765,0.028264315,1.077759197,10.13057594,16.09307056,346.9273558,0
145.65625,45.56733299,-0.311782216,0.510870775,2.244147157,14.26618394,9.951955132,127.6671976,0
98.3671875,50.30591899,0.409147253,0.073141345,0.842809365,11.2356355,16.35994665,301.2815193,0
120.09375,47.8514037,0.16287752,0.116571244,3.071070234,18.21602438,8.196890475,78.15494761,0
135.5546875,41.71570609,-0.047586732,0.91053402,2.617892977,17.40978603,8.831466608,89.78055639,0
130.09375,44.80172247,-0.005380575,0.156732641,1.885451505,18.14377978,10.45982988,114.0161816,0
123.828125,49.61289358,0.225556765,-0.067658364,1.367056856,14.85064614,13.47996527,198.7125278,0
107.40625,47.09090901,-0.036266866,-0.192143001,157.9707358,59.24622658,-1.45569224,1.248830713,0
111.9140625,43.90508715,0.165771988,-0.059298594,1.408862876,11.42033136,13.52613389,242.0006866,0
101.921875,45.73695329,0.363985257,0.648072946,3.823578595,21.72228513,7.064031003,56.75060235,0
100.9921875,46.4629382,0.390351233,0.38448959,12.62792642,43.21948947,3.735566542,13.34982453,0
112.5703125,40.40859353,0.369606583,1.154466251,0.870401338,13.42366353,16.45809591,278.5807942,1
138.765625,53.34988935,-0.255289757,-0.389384666,40.42892977,83.87667607,1.65217178,0.842011186,0
127.6171875,50.561553,-0.090905129,-0.012237025,8.319397993,35.62039726,4.494620218,19.61910379,0
34.953125,30.45536164,5.859790675,38.80265987,55.34448161,76.40069994,1.310040698,0.438272388,1
95.3125,42.95796456,0.405215487,0.95895557,3.153846154,16.88817471,7.549542745,73.22359086,0
117.078125,47.29472245,0.344813493,0.350450039,2.9590301,20.95513986,7.885172281,66.23555617,0
83.359375,39.34954224,0.670330281,1.662319086,2.159698997,18.96428825,10.47874009,118.7001524,0
147.7109375,53.41043208,-0.387586341,-0.147673856,64.0041806,79.14097207,0.45213382,-1.739067462,0
130.75,47.31410995,-0.110749457,-0.207826493,88.58110368,81.83964015,-0.122885944,-1.904786096,0
111.9453125,50.99560468,0.302000896,-0.076618379,2.070234114,13.88287426,10.59939739,141.8573204,0
149.6015625,48.67949065,-0.380022712,0.400959309,39.4916388,71.8216676,1.42530973,0.35463112,0
140.40625,52.32746015,-0.010068822,-0.446603181,3.905518395,23.19432817,7.192092364,55.04594497,0
105.0859375,47.34069129,0.395363207,0.657764859,1.425585284,15.34738158,11.85774546,149.914079,0
62.40625,42.81746094,2.005163265,6.355752862,7.090301003,31.14662497,4.883559124,25.09723282,1
109.34375,53.66278353,0.549167611,-0.158894683,2.136287625,13.87277311,10.48199562,139.5858845,0
125.2265625,42.34626881,-0.006929746,0.705344503,2.834448161,16.76981733,8.166776637,81.51788316,0
135.03125,48.38403299,0.015613299,-0.393499062,58.0409699,85.26783002,0.809507618,-1.294084307,0
99.0703125,41.92220913,0.62461358,1.114662561,3.581103679,20.7713128,6.579653849,48.20853491,0
108.3671875,48.42404992,0.022230172,-0.06494364,1.056020067,11.02320624,16.63880363,326.1163793,0
144.1640625,56.61199869,-0.273061515,-0.344579414,1.758361204,13.28511522,11.44225232,163.3348827,0
120.7578125,41.30351568,0.00323563,0.578246191,1.538461538,12.44187929,11.94628744,184.8005859,0
147.2421875,44.79584699,-0.108750411,0.249963875,5.070234114,27.2424102,5.948888255,37.315958,0
110.2265625,42.71896074,0.343772622,1.08354264,1.705685619,15.67997256,10.67370172,126.2683915,0
122.0703125,41.67830363,0.07383774,0.453627093,2.493311037,17.36464488,8.571393443,86.36392203,0
87.6171875,39.25838308,0.441723652,1.409039597,3.570234114,23.30862265,7.356127343,56.65847624,0
114.25,50.98207406,0.50351895,-0.031696422,3.004180602,21.4945933,7.816282395,63.83944294,0
121.9140625,50.96307293,-0.001420464,-0.145053089,23.2458194,58.0422788,2.266060352,3.5636064,0
109.7734375,65.76618323,0.367544746,-1.018931534,45.18060201,87.11576405,1.437992457,0.120399245,0
129.796875,55.99363236,-0.06862855,-0.515258773,2.155518395,16.59056108,9.349294191,99.96848222,0
89.9140625,39.33887775,0.557590962,1.523933611,1.327759197,15.19289347,13.04817297,183.0110824,0
102.625,48.04425044,0.431434387,0.464867524,2.843645485,17.46237622,8.639559539,90.3150308,0
145.203125,47.11992005,-0.124450959,-0.004408494,1.382943144,11.58170813,13.31216417,230.1878475,0
142.6796875,47.40054285,-0.221563426,-0.035216747,1.273411371,11.16378501,14.13722166,257.8529153,0
76.046875,35.90022183,1.690227856,5.954116332,4.638795987,29.66484975,6.654852618,44.1848469,1
129.796875,54.61446686,0.03883887,-0.221015675,1.41722408,14.11096745,12.30015297,171.27487,0
118.1875,45.34137011,0.290462216,0.053947037,2.009197324,17.57280362,11.03836004,134.5165505,0
76.5703125,39.10596254,0.807330789,2.174818818,1.868729097,18.19906624,10.55616694,115.6891888,0
88.296875,47.59059771,0.49838397,0.585395274,2.469063545,14.18834887,9.686414676,129.6077568,0
128.7109375,38.43361817,0.03524421,0.90676788,2.944816054,20.42078991,7.854672257,67.37713363,0
117.296875,52.91404577,0.281035396,-0.29172754,13.7541806,43.18235163,3.107119291,8.515758563,0
119.8125,36.01036092,-0.001047901,1.383194708,3.12458194,20.17673661,7.315776554,58.7545138,0
121.9140625,47.35471653,0.166023964,0.253377062,2.818561873,21.26197534,8.202457469,70.13104267,0
106.7109375,57.72417609,0.196992737,-0.558141691,4.964882943,24.46850623,6.281506321,43.67234812,0
118.265625,47.00323865,0.171471477,-0.187585528,1.852006689,13.3095637,10.72085436,147.816141,0
95.8515625,39.98048154,0.482507802,1.311378885,3.587792642,23.85441809,7.652340554,63.26328753,0
140.265625,55.6277365,-0.181472206,-0.376689839,13.39799331,44.05737513,3.240783541,9.314992139,0
56.640625,49.86007521,1.749052196,2.374493761,156.9816054,79.71268219,-0.798698757,-0.76995542,1
122.9453125,56.64063093,0.098878523,-0.476678852,12.29765886,43.90077015,3.551902649,11.47823016,0
109.1875,48.61451526,0.042333428,-0.21610337,6.872909699,30.51871352,5.1091318,27.40425006,0
131.2578125,49.71987877,-0.04712599,-0.051165465,2.54180602,16.58980098,8.348104181,83.53161022,0
136.234375,47.56023884,-0.084678994,-0.187549493,2.596989967,16.5819075,8.654551011,89.25272417,0
110.671875,45.05658064,0.522299381,0.337874432,3.334448161,16.10584297,6.900408575,66.947089,0
111.4375,45.10867953,0.098104024,0.109710639,7.198160535,28.8656216,4.813284852,25.24325375,0
117.78125,62.81022228,0.133692697,-0.916556423,3.718227425,21.82420725,6.740223826,49.24447955,0
124.359375,46.65125507,-0.122832917,-0.098439197,3.948160535,24.77984647,6.742730658,47.28661425,0
109.6875,42.48101598,0.152064084,0.427031885,2.028428094,16.17982748,9.613174922,104.509935,0
125.9296875,48.38229654,0.104638643,-0.196970337,2.061036789,15.39514497,10.23520145,126.1449072,0
123.9453125,50.96005001,0.013047081,-0.272137444,2.498327759,13.79584169,9.029021129,116.0426692,0
116.8359375,48.03331808,0.368218272,-0.021364361,2.738294314,17.27524294,8.667335968,89.7861223,1
96.6875,35.75038243,0.52459286,2.731510719,1.705685619,17.2142801,10.83986713,121.5727001,0
100.234375,45.93175719,0.373938377,0.331843109,2.97909699,16.26948221,7.53957879,74.74023796,0
60.921875,52.62033967,2.341728151,5.160033972,0.486622074,7.658622807,30.88388219,1017.38318,1
122.8671875,52.69330055,0.024783925,-0.020267954,1.512541806,15.16709638,12.24246619,168.2836997,0
107.9765625,38.52768178,0.081586932,1.35578273,2.41722408,15.00587413,8.895423012,102.0432343,0
135.4453125,41.24333442,-0.368260131,1.219652069,2.852842809,20.59727107,8.185225016,72.74574568,0
129.6953125,49.15831545,-0.022271021,0.116698441,1.811036789,15.43736114,10.53866448,128.2594866,0
103.7421875,49.47778007,0.47292594,0.057490889,1.285117057,15.59670917,13.04471405,177.4571715,0
148.1015625,52.70419217,-0.337525516,-0.162120129,26.38210702,54.66944125,1.697281566,1.198941879,0
107.9296875,53.13458496,0.05856055,-0.482555492,3.986622074,23.97911902,7.461743347,60.42361593,0
137.7265625,49.73173579,-0.303337807,-0.048211058,191.4573579,68.6543669,-1.790311648,2.096565964,0
133.4375,46.62562835,-0.036588799,0.013319449,0.915551839,13.66355376,15.78852768,255.6962295,0
138.96875,49.51450821,-0.092707883,-0.109289031,3.345317726,17.75512512,7.269225065,67.57284266,0
105.265625,47.13353444,0.349804619,0.076541563,1.571070234,11.51264243,12.32195603,215.8802539,0
166.2421875,53.34333752,-0.943275425,0.576726895,190.2382943,68.16085567,-1.405852488,1.103334601,0
113.5078125,39.24761061,0.561972311,1.299585896,2.390468227,15.74585605,9.041111304,100.842176,0
116.8828125,40.49028068,0.166973493,1.154958972,1.308528428,11.6269046,13.70368902,235.6414255,0
112.2734375,40.97535747,0.287527613,0.701061901,2.158026756,17.71355916,9.309173144,93.88630653,0
118.359375,62.29901865,0.245739537,-0.63352573,7.987458194,35.43283264,4.612162537,20.87343034,0
118.5234375,48.20447413,0.084168553,-0.012908726,2.355351171,13.54485845,9.648579966,129.0809549,0
65.796875,46.20510648,2.289090852,6.235282913,20.37207358,51.02207394,2.94169165,8.457182359,1
152.28125,52.44341258,-0.273670204,-0.366014608,1.137959866,14.75825931,14.65219939,225.0660033,0
115.3515625,43.86050149,0.156417671,0.232529132,1.85451505,12.05071105,11.27100426,182.637098,0
120.453125,55.90503379,0.101391618,-0.671426186,126.506689,73.02900044,-0.958404481,-0.689314603,0
114.921875,54.09260136,0.170221538,-0.610939454,2.058528428,14.66760767,10.32826388,130.2293738,0
123.9375,50.73333316,-0.174450492,0.094805171,0.300167224,7.564949538,32.17418904,1072.793069,0
46.9375,40.08131384,3.669646083,14.43963434,103.6204013,82.38329976,0.018273777,-1.259884185,1
131.8125,54.10662939,-0.148850574,-0.311542332,1.934782609,14.05617353,10.13281605,127.6165515,0
114.3828125,45.07842491,0.223421607,0.406193578,2.756688963,18.18623916,8.168562202,76.67899459,0
93.5546875,42.5717792,0.410201346,0.988715347,1.139632107,12.1412975,13.20894856,208.7225482,0
126.5625,40.25305695,0.062489168,0.431275602,2.380434783,20.49557221,9.514008553,95.38102129,0
120.421875,47.22893204,0.203304304,0.186340061,1.608695652,14.96307801,12.23257712,168.9009654,0
134.90625,51.16356087,0.01951254,-0.383167179,2.310200669,14.94980217,9.345284921,110.3618698,0
117.0625,53.75039971,0.190076504,-0.658375331,2.086956522,14.45020734,9.883699532,122.9476528,0
137.4609375,48.24982227,-0.072711561,-0.274906828,1.420568562,14.29986593,12.3738797,172.8077629,0
133.0234375,45.18235013,-0.026413536,-0.239400146,6.407190635,31.65175129,5.313388675,28.40256841,0
89.6796875,39.71970811,0.687681573,1.983815279,1.610367893,11.37791204,12.51309092,223.9366994,0
96.015625,41.8008643,0.424244807,1.127660711,4.321906355,23.60256679,7.150580862,56.26837847,0
92.6640625,45.82171247,0.509150761,0.635288325,0.701505017,9.921448898,18.40909393,401.6974744,0
89.0,40.32291532,0.707120158,1.399016665,2.046822742,12.69218079,10.5477481,156.7708739,0
120.0,50.49613228,0.104073844,-0.233144862,2.632107023,20.05398498,8.064314668,67.73302766,0
121.1796875,39.79133731,-0.029067387,0.863590143,1.220735786,13.0103421,13.62790979,211.9393622,0
129.25,48.07204879,0.150241717,-0.039414743,18.74498328,53.93577579,2.763543964,6.250814822,0
89.7421875,42.68255756,0.735457343,1.376764854,2.64632107,19.92157269,8.319452308,73.96848569,0
132.515625,51.12316384,0.095649098,-0.290893308,3.505852843,19.32465455,7.022261329,57.73099907,0
128.1484375,51.16136999,0.074287088,-0.348519347,1.190635452,15.34111944,13.79151496,196.9726524,0
121.0390625,43.18626126,0.199649027,0.208373375,2.696488294,17.26739405,7.96631315,76.81382157,0
79.875,36.09146367,0.874778827,3.000942866,3.802675585,22.12883059,7.462029986,61.44926385,0
124.171875,53.38335845,0.017363618,-0.400319574,3.326923077,22.34573974,7.743437815,63.03828959,0
134.4375,50.13353263,-0.120135845,0.139724199,2.530936455,14.48952613,8.864714604,106.960286,0
68.359375,31.90849573,2.165211405,9.422734163,11.73662207,41.62216612,4.044943826,16.25307424,1
139.1953125,51.79361969,-0.240821501,-0.034691034,16.0367893,49.93211429,3.028961098,7.80243152,0
102.8125,47.56553867,0.198094298,-0.031444251,3.81270903,23.22011956,8.215149218,72.82167658,0
114.28125,50.99753939,0.184302888,-0.160459565,2.496655518,20.58340133,8.914060474,82.85815564,0
158.40625,44.20061466,-0.64592281,0.602676501,119.9673913,94.25210681,-0.403837482,-1.691506229,0
42.8359375,29.78327376,4.233078228,23.91826825,82.95317726,69.02299177,0.785385464,-0.112454296,1
136.75,57.17844874,-0.068414638,-0.636238369,3.642976589,20.9592803,6.89649891,53.59366067,0
97.015625,41.92403554,0.571447954,1.498535531,1.316053512,11.67295891,13.28144148,225.9009773,0
107.4609375,42.46559312,0.375498221,0.812431681,4.189799331,26.66815638,6.774524082,46.6183871,0
81.65625,43.92010458,1.320340826,3.307269033,13.63963211,47.17589375,3.604873602,12.05912884,1
105.359375,45.9290782,0.432989791,0.755390842,2.551003344,15.05835607,8.933377329,106.2643094,0
107.828125,46.12603477,0.106667189,-0.030845182,1.9590301,12.24871137,10.91613361,172.4354558,0
121.2578125,49.84354367,0.256007433,-0.034193173,1.097826087,11.47294164,14.44873964,252.3133722,0
120.109375,44.67595732,0.135882319,0.430139559,4.497491639,27.87191488,6.679573611,45.1977007,0
63.140625,34.3239927,2.492425776,10.73256329,17.41973244,50.56221783,2.825749517,6.628752142,1
144.3671875,56.80062047,-0.588425062,-0.538867667,190.0568562,62.9107515,-1.444897367,1.551257853,0
107.0625,39.65845394,0.508954041,1.378782975,2.449832776,19.91671602,8.750314935,79.81993116,0
128.9921875,43.86529381,-0.123247103,0.449497293,3.314381271,20.58662651,8.210722182,75.64785365,0
108.9765625,52.92557641,0.22679808,-0.188177432,6.301003344,29.2828959,4.846719654,23.59630279,0
120.625,46.35056634,-0.000839261,-0.384597998,3.163043478,17.94294205,7.31363155,63.72091504,0
109.3671875,44.83404661,0.026733787,0.244851161,3.720735786,22.68905571,6.796430099,48.82494932,0
71.4453125,36.57415596,1.744121889,6.695118921,13.02508361,44.70222219,3.485496868,11.09146294,1
136.1015625,38.69630147,0.153607413,1.463756325,2.341973244,14.63300014,9.149854537,109.1495174,0
97.6640625,48.09857673,0.563274334,0.681207712,2.088628763,13.45326996,11.31517661,166.2576011,0
118.0546875,44.30475225,0.114754042,0.034044383,2.766722408,21.36758077,8.851410757,81.59132352,0
125.6953125,54.82138021,0.110789494,-0.226035116,4.816053512,27.56693787,6.444513341,43.34738762,0
87.4375,38.78642441,0.711882257,1.740349164,0.827759197,10.06552605,18.56202814,404.7767284,0
119.984375,50.86685813,0.160614687,0.033648822,4.442307692,25.50200037,7.311543151,57.11321308,0
118.640625,51.17795765,0.384220438,-0.010898376,2.398829431,16.65458544,9.472094426,105.6837932,0
142.3125,51.49677629,0.062358134,-0.35793795,3.448160535,21.18566961,7.458390687,60.77881941,0
105.96875,48.96186933,0.447188529,0.06999263,4.630434783,22.63928741,6.671362149,52.37325162,0
125.234375,46.34963666,0.086839002,0.189112095,1.93729097,12.21382437,11.43401409,182.3168461,0
101.1796875,47.44922181,0.642791411,0.871647087,0.471571906,9.714315258,21.85926848,501.6352286,0
153.4453125,42.41992615,-0.421236247,0.423807843,5.848662207,25.93430741,4.96260238,26.4022886,0
137.3515625,47.48924053,-0.174612459,0.087644632,2.265050167,19.91480557,9.732181748,99.90972086,0
88.96875,40.01072854,0.81622932,1.834706305,42.59698997,71.08033839,1.447495762,0.695168966,0
135.46875,53.604445,0.011668373,-0.369041328,5.858695652,27.63630131,5.236634039,29.14499359,0
118.5390625,51.90088245,0.306143575,-0.348403035,1.956521739,16.81091328,9.736470838,104.084186,0
113.5390625,51.05387815,0.384988536,0.118411255,3.755016722,24.8505772,7.259584648,55.20859592,0
129.234375,53.82342142,0.136312604,-0.361925451,4.0409699,20.27542362,6.275422209,45.85562744,0
95.765625,37.21694934,0.489793899,1.494613764,4.908026756,24.03915916,6.087060381,41.49961829,0
107.5625,44.12831963,0.448205391,0.651157683,2.784280936,16.76450963,8.202089508,81.12935303,0
127.7734375,44.05593299,-0.029281457,0.629984861,2.255016722,17.95021031,9.243957178,94.35650722,0
122.0703125,47.48226373,-0.015099596,0.220692473,2.210702341,16.71272378,8.974707485,91.75197547,0
105.421875,52.2693758,0.461384448,0.045268102,22.04347826,54.53218297,2.583080563,5.672640582,0
116.3046875,45.85073585,0.399116922,0.846143546,1.850334448,13.16051565,10.99824319,155.6825414,0
120.9140625,48.54798325,0.086472745,-0.051374369,1.817725753,13.3625251,10.45876658,141.5431252,0
99.0234375,46.7609387,0.251837665,0.172399833,5.331939799,29.28785776,6.063041918,37.83999618,0
94.0546875,47.15653928,0.47908377,0.533765242,0.942307692,11.60155894,15.15744562,264.8365563,0
117.8515625,43.19289761,0.557843221,0.810861197,2.007525084,15.01295239,10.53115762,134.4514319,0
104.5078125,50.27440267,0.268410223,-0.169219124,1.72993311,17.0579812,11.70664214,147.0344346,0
130.2265625,36.63805545,-0.108416941,1.299277285,17.47826087,46.02987647,2.674940606,6.396015875,0
104.5859375,48.76370438,1.217617253,1.745402654,43.05685619,68.27689379,1.392848367,0.56421615,0
142.1875,44.90471683,-0.202719842,0.357344451,2.89632107,17.8024073,7.626947786,68.49727964,0
128.1171875,52.03073327,-0.090272616,-0.30092625,2.275919732,18.84239657,9.94510875,106.8956284,0
137.484375,47.80199793,-0.076570056,-0.062986987,3.546822742,20.35837731,7.673665712,68.00940904,0
108.8671875,44.45492294,0.466985103,0.608035732,3.142976589,21.45568956,8.189735101,72.59011341,0
146.1328125,51.17362771,-0.011950273,-0.463465295,1.661371237,14.69892539,11.02777255,138.5169241,0
112.5234375,44.68884873,0.315130936,0.457532868,3.152173913,17.36390714,7.932627582,77.26598037,0
104.2890625,54.38680222,0.147797022,-0.485781878,3.431438127,23.02887126,9.024085766,85.43487055,0
119.7578125,54.1012861,0.023536072,-0.610034432,5.506688963,27.41912624,6.358509147,44.30652467,0
134.28125,51.91052059,-0.06271712,-0.287557845,2.2090301,17.01312061,8.997804115,91.12234757,0
113.4140625,44.19373671,0.096413866,0.313065843,1.640468227,11.9526449,13.08549626,224.1082313,0
127.859375,50.40612165,0.028927519,-0.073493596,1.428093645,14.01834727,12.8519696,192.3022156,0
88.1015625,36.18309339,0.587862676,2.653010922,3.885451505,21.42005645,7.255313822,62.2660036,0
116.890625,48.57279241,0.088910591,0.088698766,2.06187291,17.52779497,9.677444037,101.5872874,0
117.3515625,49.9291044,0.202081499,-0.123176512,49.63879599,84.30220146,1.262721289,-0.201214265,0
122.8828125,44.62843493,0.198375695,-0.020463575,3.361204013,22.99385478,7.335245383,55.87978522,0
113.5390625,58.86583028,0.142923489,-0.656800942,2.846989967,18.87073169,9.595282015,100.996624,0
123.453125,47.81570404,0.031659376,-0.183462211,8.693979933,36.89934783,4.338470748,17.96494194,0
117.515625,37.27033513,0.190144661,1.457759261,1.510033445,14.12257851,11.2531769,145.4065487,0
126.1484375,51.74835291,-0.105236956,-0.477203193,3.12541806,23.00376564,8.136346013,69.11075646,0
120.8515625,55.69575414,0.172686256,-0.502093821,5.053511706,30.25248511,6.279575309,39.22954954,0
105.375,55.37119061,0.144367075,-0.860497388,136.3712375,73.8059757,-0.755303722,-0.530109034,0
110.8515625,50.49800272,0.25101033,-0.349872649,2.010869565,13.13344357,10.77773853,153.3863958,0
128.875,41.51543388,-0.069837975,0.186120767,2.244983278,13.33417981,9.84704074,134.5819609,0
125.9375,46.2646514,0.107005065,-0.164935747,4.444816054,22.58146452,6.437450464,47.08854609,0
114.8359375,51.10356784,0.171065397,-0.238581729,3.044314381,20.68089798,7.77713142,65.72494183,0
93.1484375,51.91114552,0.280704861,-0.098377946,2.096989967,14.02031342,9.972777097,127.989888,0
105.78125,51.86248908,0.407777255,-0.073484607,3.052675585,22.62667207,8.186494651,70.45140179,0
112.8359375,42.8104064,0.474569484,0.777589973,3.434782609,19.71816288,6.859531388,53.64448597,0
114.4296875,53.26242279,0.023405055,-0.192280491,1.081939799,14.55470507,14.810531,228.4538731,0
118.546875,54.9665892,-0.036829821,-0.405561839,4.086120401,23.86416636,7.250352496,58.11836541,0
113.453125,48.96903667,0.328152092,-0.048669856,0.891304348,13.08889945,16.59614588,284.4896323,0
163.7890625,39.26187168,-0.43425439,1.253880462,2.83361204,21.19360289,8.178887778,70.56674883,0
94.046875,45.78769952,0.422078974,0.34618899,1.701505017,15.3793839,11.98457984,161.2285244,0
115.25,49.48121487,0.241193303,0.204823616,3.293478261,20.93044679,8.023297996,73.8661672,0
134.5078125,52.63390603,-0.020176809,-0.295319963,2.794314381,19.92161482,9.327850336,95.76626331,0
134.5703125,48.18530047,-0.001810152,0.001249023,3.182274247,21.93125975,8.317972651,74.53634642,0
119.890625,50.65265207,0.165132963,0.122728112,3.262541806,24.18171802,8.152177336,68.55183816,0
117.828125,53.86181819,0.328567344,-0.051972356,2.68812709,21.39301513,8.449332067,73.334615,0
136.8671875,53.99122774,-0.167963918,-0.109046434,2.844481605,14.51279777,8.205648148,96.84294582,0
134.0625,46.1938426,-0.050991032,-0.031632107,1.976588629,12.14369596,11.18794,180.0555157,0
92.21875,34.82207846,0.556838164,2.702955043,3.612040134,22.30886836,7.08199442,54.77607659,0
128.171875,49.12422222,-0.037918622,-0.011129688,2.745819398,16.57552718,8.450498075,86.36789836,0
105.7578125,47.6802085,0.334637911,-0.105519159,2.860367893,16.99891009,8.382180252,86.40850202,0
92.6484375,41.94333787,0.550199328,1.487824403,0.996655518,10.56774557,16.48688383,333.1453677,0
18.453125,30.70063603,5.754312382,35.51531757,74.80016722,73.52413682,0.647989749,-0.601086153,1
125.3203125,55.70008045,0.286498805,-0.410723676,2.890468227,16.82758951,8.414920631,87.54155493,0
84.53125,43.76873483,1.16265058,2.135450581,10.37123746,38.48344963,3.972712278,15.49732363,1
64.65625,38.01509517,2.13145264,7.24299752,37.3319398,73.08902816,1.729440938,1.469152912,1
106.53125,47.99998983,0.422513666,0.391275912,2.891304348,18.00770621,8.25827258,80.79994107,0
114.4296875,51.99845004,0.203649462,-0.318640168,3.209866221,23.47442791,7.820968576,62.80174283,0
131.25,47.32797798,0.031276762,-0.07976327,2.79264214,17.54975191,8.035360746,76.26246054,0
72.484375,40.38757242,0.805642385,2.044946369,1.93812709,11.94473833,11.56419304,192.3741487,0
105.1796875,48.06204219,0.228270695,-0.188304607,0.856187291,11.53086828,16.85345219,311.7568607,0
92.7734375,34.00579336,0.602240652,3.485344757,1.086956522,12.6102813,14.13342428,224.1443857,0
109.2421875,51.61769714,0.250132648,-0.424998369,4.516722408,22.0572125,6.385892139,47.38001587,0
139.6484375,48.34472403,0.028959092,0.346382997,4.398829431,20.936094,6.418152211,50.20473093,0
104.625,47.10924803,0.357603127,-0.023322439,1.950668896,15.52056812,10.14265909,118.9734033,0
120.09375,59.21141115,0.240708616,-0.644938125,128.9188963,76.10594366,-0.794991682,-0.696794288,0
108.6875,42.82609273,0.007569866,0.325202429,48.52424749,61.05809159,0.502467735,-1.630793986,0
127.0234375,48.91198486,0.141386286,0.055977322,1.753344482,17.33609909,10.83308937,123.4958053,0
118.78125,49.48215232,0.171593269,-0.352892062,3.734949833,18.8592077,6.741757099,55.44361491,0
123.96875,52.13682982,0.000310524,-0.397127049,3.943979933,27.25973249,7.241692402,53.01684765,0
132.90625,46.97529894,-0.204559481,0.011302447,4.546822742,22.24285196,6.061674671,41.93935655,0
96.296875,45.80075043,0.73270285,1.07489165,3.450668896,23.81811811,7.700336117,61.78134405,0
128.9609375,53.15960672,-0.019315569,-0.465719549,2.246655518,13.26694779,10.39466133,147.1730825,0
105.03125,47.0843554,0.252256255,-0.102140154,1.884615385,14.05269815,9.873688894,123.8539611,0
122.6640625,56.2407322,0.119507705,-0.611925668,6.680602007,30.75830896,5.26113748,28.69928884,0
103.2734375,46.99662801,0.504295246,0.821088334,2.244983278,15.62256589,9.330498457,105.1349415,0
137.5625,43.1988046,0.032319338,0.43541689,0.526755853,9.308002806,23.09843071,573.5815961,0
123.8046875,49.98610097,0.185460353,-0.175452539,1.276755853,10.58179614,14.88444787,299.2735784,0
133.9453125,48.51857064,0.100058227,-0.065266564,2.557692308,17.96743196,9.027419384,91.74608587,0
132.734375,52.78368065,-0.170179202,-0.364582881,72.99498328,93.56999763,0.606115313,-1.494109236,0
142.8125,52.46200262,-0.533446285,-0.192066466,6.7909699,32.99948999,5.164130046,26.63116733,0
104.0234375,41.66710799,0.172590792,0.697142143,2.059364548,18.79449648,9.845368369,100.1632865,0
86.0859375,35.6335576,1.047154033,3.110383427,4.713210702,28.69757298,6.289861465,39.34660537,0
98.7890625,45.67833395,0.599657802,1.076387854,2.340301003,14.89288672,8.735114846,98.27912017,0
120.9921875,42.13288059,0.019236998,0.826894553,2.116220736,13.59467131,9.770549541,128.3725879,0
114.5,58.54365358,0.224785968,-0.426949749,3.013377926,17.3701534,7.883980322,75.07799651,0
128.9765625,55.67406051,-0.085702423,-0.594461041,5.858695652,30.994971,5.618642898,32.05384781,0
86.5625,44.29689429,0.764261004,1.693739999,3.525919732,20.88882413,7.119433354,57.0856296,0
137.9921875,41.81254598,0.032156951,0.775366635,1.968227425,12.7983065,11.31525969,169.3843255,0
110.2109375,39.05958036,0.339418375,1.207183121,2.194816054,13.04877677,10.03163709,142.5239081,0
116.46875,35.6322224,0.386351829,2.199301473,1.54180602,14.17310886,12.02291447,164.2964136,0
135.4765625,54.19437887,-0.106678487,-0.155716046,2.657190635,14.1349045,8.638464952,106.6683949,0
135.4375,55.77434306,-0.00405883,-0.338509031,2.786789298,20.84335251,8.573934199,78.80591805,0
126.2578125,48.73705695,-0.088069857,0.018145009,2.97993311,16.89554567,8.113051366,81.96394735,0
121.2734375,51.08352762,-0.049696733,-0.418949771,64.09448161,68.57258393,0.679129677,-0.60439872,0
130.6171875,49.32784474,0.107299654,0.287913015,2.200668896,14.91743832,9.321015292,109.1041317,0
129.796875,55.3339802,-0.135351953,-0.208971883,0.888795987,11.74770346,15.85083227,278.3010281,0
123.5546875,44.005825,0.169926461,0.474113122,4.938963211,26.65480662,5.884115287,36.25622653,0
128.109375,47.32289918,0.094367878,-0.238707758,2.653846154,14.21627889,8.750891831,108.1825749,0
123.078125,49.09821302,0.112043222,-0.226149128,3.559364548,20.61566572,7.964342601,72.45098083,0
126.359375,53.57073804,0.10184589,-0.254933271,2.063545151,13.81722456,9.395288892,119.5040394,0
113.203125,37.65537797,0.48786531,1.477459468,4.841973244,21.68906782,5.507626304,35.78493827,0
110.609375,48.37616833,0.356099802,0.354921718,26.82859532,56.52268806,1.96821095,2.57895056,0
126.2734375,51.83759417,0.031219511,-0.388225569,13.68060201,45.52473683,3.284277048,9.650861379,0
133.2734375,48.00857912,0.022502268,-0.123905232,2.740802676,15.08292709,8.525313322,96.51837908,0
123.578125,52.13588156,-0.186821162,-0.596960969,4.109531773,26.46662332,6.853384657,48.0684946,0
112.421875,50.52020162,0.223546506,-0.445700783,2.600334448,20.62377917,9.143810323,89.41515726,0
119.03125,44.55227574,-0.06969395,0.456036796,2.118729097,17.948811,9.877426366,106.9093596,0
99.1328125,51.85125527,0.410296068,-0.264560007,2.62541806,17.06049112,9.149950452,98.69432913,0
98.0390625,36.08592228,0.391497659,2.043656884,2.693143813,20.97777897,8.978333499,86.87583791,0
88.078125,45.96102448,0.438510275,0.447479827,2.171404682,14.99029402,9.939970427,118.908113,0
120.734375,53.04515829,0.13189761,-0.246779577,1.095317726,11.52295708,14.38120004,252.8466875,0
117.046875,44.84589226,0.20722643,0.393416247,3.205685619,21.32758121,8.120362061,73.60755744,0
89.75,53.24207688,1.009202279,0.589912486,175.4908027,60.74614718,-1.531770706,2.323781059,0
86.359375,41.25657796,0.651957699,1.671413591,3.079431438,20.26974148,8.331218231,80.06002456,0
101.453125,47.04765858,0.231897964,-0.148723102,2.277591973,18.76678378,9.722551725,103.0329098,0
145.609375,53.06470613,-0.422541622,-0.392377282,181.8553512,50.52247071,-2.236509777,4.936108725,0
105.390625,48.24469439,0.100089377,0.108704,2.287625418,14.1674487,9.095901805,111.6027394,0
96.203125,47.03993639,0.792945469,0.672810778,3.047658863,18.87098167,7.844256545,70.40727696,0
119.234375,41.90120157,0.351489325,0.979715543,1.384615385,14.92901478,13.06777912,184.2862375,0
18.6015625,30.35862209,5.391922104,32.93033316,25.4590301,53.41195512,2.392436733,5.294008356,1
128.7578125,52.93240768,0.133800613,-0.49514511,1.56187291,16.71856411,11.67383201,143.5090255,0
113.078125,48.67231139,0.222739892,-0.041981727,2.719063545,15.96252942,8.564804839,93.53084154,0
102.15625,52.82347334,0.229518215,-0.434473577,8.753344482,37.11038668,4.423369135,19.03734036,0
123.9609375,56.22560615,0.290871223,-0.392737352,2.253344482,17.11934883,8.930296293,90.44345863,0
127.9140625,49.70334297,-0.004954603,-0.089097544,3.096989967,19.69586372,8.082157796,74.28320175,0
118.453125,44.20263344,0.127504326,0.139725829,1.50083612,12.02919383,12.90421569,211.2273103,0
105.6640625,59.24265215,0.354438286,-0.496044362,3.976588629,29.79309005,7.383828763,52.71915187,0
127.890625,55.29469832,0.209388541,-0.428715231,8.77173913,42.50155107,4.654391145,19.74584977,0
109.71875,50.29956161,0.353044627,0.158928817,3.525083612,17.5886728,6.55179628,56.15890462,0
104.4296875,34.78722907,0.356695338,2.049754717,3.808528428,24.90827912,6.976714503,49.80824955,0
105.4375,44.86311646,0.134379439,0.284533782,1.33277592,14.1097453,12.08149809,160.8223066,0
123.4921875,50.03061502,0.013274784,-0.458298508,2.568561873,19.33392053,9.545706985,99.59930471,0
131.6171875,39.61457298,0.03723237,0.745365076,117.6145485,83.67276455,-0.644043348,-1.471082332,0
142.0,50.09381823,-0.086081778,-0.349410301,3.109531773,19.809474,8.756903532,89.55615475,0
112.8671875,43.50868647,0.036304827,-0.137659684,2.158862876,14.33106573,9.971399675,126.5787621,0
114.546875,48.31858134,0.189630598,-0.202765576,3.309364548,16.79010536,7.143661266,66.3898622,0
115.296875,50.66655075,0.220608152,-0.2408029,4.159698997,22.99764597,6.193105366,41.67950063,0
119.296875,55.801876,0.763564198,-0.190084452,48.87876254,56.34213317,1.792955287,3.604096217,0
123.4921875,43.92856347,0.599689101,0.807372728,3.821906355,22.88317477,6.702945631,48.02882827,1
190.421875,59.10644653,-1.517158668,1.497580478,95.71989967,97.75450946,0.058366206,-1.964997899,0
172.625,53.96034424,-1.138070839,1.115326576,157.3578595,84.95452667,-0.676726687,-1.011912349,0
105.3046875,44.09534389,0.275058073,0.80062697,5.296822742,24.83156685,5.355939622,31.68458643,0
161.6953125,48.17052369,-0.195356768,-0.128083072,2.651337793,18.7334678,8.533350994,80.02065268,0
122.9609375,50.77083968,-0.100266991,-0.245821467,1.456521739,11.16030723,13.47844552,248.4202528,0
159.40625,56.95234267,-0.785781987,-0.099030379,181.6580268,70.35355727,-1.265284695,0.740750775,0
109.140625,33.36440243,0.44022837,2.392232495,2.336120401,18.28145065,8.746408167,82.49453664,0
135.0078125,45.92104231,-0.048726834,0.235129042,11.79180602,50.15315306,4.044340533,14.47429482,0
117.390625,47.24821994,0.33620111,0.120427217,2.47993311,19.67687382,9.064563997,87.69779216,0
121.9765625,48.00365625,-0.027234518,-0.186880983,3.994983278,23.57223953,7.246799019,59.09783132,0
133.2109375,47.39093603,0.011513433,-0.236298168,5.580267559,26.14126299,5.804921499,36.42650932,0
124.828125,47.75787065,0.046667393,-0.389179463,1.681438127,15.42219733,11.64040475,150.5022764,0
101.8125,44.12601805,0.329483669,0.527245893,2.422240803,15.40500528,8.639431913,93.60579263,0
114.65625,52.31984529,0.059077616,-0.50533343,2.165551839,14.82899235,10.14176368,127.3810739,0
87.1484375,44.74442875,0.443514046,0.485664213,1.225752508,10.99525007,14.9513944,282.3787919,0
124.3671875,45.7031644,0.095608929,0.052797869,9.265886288,38.23678044,4.430984586,19.05845484,0
113.4296875,41.97314685,0.226441991,0.455701831,2.610367893,16.28052655,8.780752707,94.13020752,0
99.8515625,40.55938737,0.595444332,1.298899389,3.709866221,20.77817875,7.049433564,55.82602645,0
52.046875,34.80388344,3.411746855,15.75031088,33.44983278,65.93652561,2.029982065,2.902273888,1
124.3984375,48.98857326,-0.049364179,-0.203073317,1.911371237,14.39245103,11.24634731,153.5358228,0
133.4765625,48.63222389,-0.232863347,-0.102144782,3.754180602,24.89724248,7.211629975,54.14399937,0
134.03125,38.29163125,0.10837815,0.813305366,2.314381271,16.10785639,10.26951675,125.8351665,0
95.109375,43.10148532,0.745125732,0.860387747,5.392140468,24.08720025,5.619061162,35.79106382,0
125.09375,50.01334783,0.080025008,-0.255186311,3.10451505,19.04865131,8.087613007,75.02238969,0
82.3828125,46.59803528,1.526851177,2.545764089,153.243311,78.43529487,-0.710192918,-0.527549306,1
135.640625,49.36767895,0.118462993,-0.181899883,3.269230769,22.67435802,8.031144352,69.33340464,0
94.8125,50.88878038,0.498524947,0.213604545,0.488294314,9.561140874,22.47981278,538.0158218,0
87.0,38.51481046,0.519921265,1.858709822,2.305183946,13.56643531,9.785449999,132.3120275,0
123.6328125,49.97512992,0.033450688,-0.341566392,2.757525084,15.30857855,8.368428218,92.41764966,0
90.78125,43.36598204,0.77709762,1.818241352,1.826086957,12.49106122,11.07943839,168.3648453,0
94.0625,51.02109705,0.641521441,0.486468524,2.490802676,16.93709834,7.865381633,72.66492275,0
99.8203125,39.38222822,0.154901984,1.091917208,2.588628763,17.56934672,8.957918309,94.14935656,0
136.09375,46.95417272,-0.338044314,-0.25673308,1.990802676,14.68546761,10.75541958,138.4346411,0
115.953125,39.04541814,0.376599152,1.38792787,1.706521739,15.76998093,10.76413638,128.3868567,0
128.78125,45.69958587,0.002629994,-0.151137971,2.930602007,21.89495368,8.558067147,78.1709308,0
123.0078125,51.40669583,0.253792606,-0.185199888,2.178929766,16.0028663,10.35068398,125.7699534,0
91.5546875,42.72784671,0.290123341,0.633709439,2.373745819,15.03846616,9.598265107,112.52331,0
106.2421875,39.05559861,0.434564964,1.257038584,7.837792642,33.49732346,4.70164963,22.50668121,0
116.75,38.79815556,0.274749045,0.944864673,1.678093645,11.51787422,12.22619029,214.9222838,0
137.6328125,43.10812552,-0.127177558,0.560059919,11.27508361,39.99661877,3.508992452,11.37903711,0
113.6484375,54.97195163,0.226464398,-0.594680133,2.324414716,19.44334294,10.68834483,120.773704,0
153.515625,44.32655531,-0.230928343,0.323604741,2.581103679,15.45186541,8.55801915,94.23542635,0
111.171875,54.72189766,0.534011147,0.192103715,2.683946488,16.19412265,7.991147465,80.9703232,0
113.9609375,52.24736871,0.127976811,-0.457499415,4.407190635,26.29776588,6.709564866,47.4057088,0
111.1171875,46.58453692,0.35900296,0.077005281,2.275083612,14.05937295,9.571366585,121.543941,0
99.7109375,41.83116219,0.300131714,1.013924693,3.357859532,18.72577222,7.234314255,61.07247101,0
135.5546875,48.51832911,0.053380362,-0.000316969,53.77759197,81.47908835,0.875193479,-1.184303921,0
116.328125,41.31814624,0.126585733,0.601188511,1.819397993,12.14629986,11.59641704,185.9656837,0
152.4609375,48.25840315,-0.587966019,0.130964496,9.085284281,34.17042793,4.089841367,17.1174409,0
123.5703125,51.6092112,0.258355993,-0.137841857,2.268394649,16.24763542,9.41185808,105.2554145,0
21.9375,33.21632458,5.365765185,29.99690562,120.5802676,82.76088423,-0.076429822,-1.144676545,1
73.0625,36.01014397,0.951943714,3.864943349,2.622909699,17.40139281,8.33970748,82.19914897,0
122.6171875,44.84158246,-0.151880892,0.136976193,2.85367893,16.79941157,9.695836831,116.9035065,0
112.90625,47.66131121,0.255053091,0.361006755,6.324414716,31.36760315,5.118292355,25.79879376,0
89.265625,43.09772405,0.531236184,0.969646456,13.14799331,41.48284899,3.140735421,8.6910732,0
140.7578125,45.20659971,-0.218455445,0.115754705,4.894648829,25.64761076,5.93660406,37.08121882,0
119.78125,43.37102602,0.356583382,0.514995428,2.765886288,20.19326455,8.48621489,78.98233628,0
142.484375,60.20887917,-0.259217224,-0.692099838,4.965719064,32.72196641,6.458383374,39.85646541,0
132.890625,52.51952529,0.060033026,-0.299857306,7.335284281,29.64647541,4.491572605,21.52476307,0
158.0078125,41.83141315,-0.277940085,0.632732296,2.719063545,15.864645,9.213702427,106.4432112,0
98.6640625,46.24278277,0.477674067,0.065190135,1.653846154,12.93800151,11.29605582,164.0440958,0
47.890625,32.21951912,3.475947142,16.65319314,8.848662207,37.14060341,4.668327976,22.05090084,1
101.1953125,39.81854518,0.532997909,1.07805749,3.551839465,23.30684129,7.354593215,56.89583995,0
120.4453125,48.17267259,0.05902106,-0.198314469,3.650501672,19.29995386,6.500995928,49.87262476,0
112.609375,52.23059364,0.034748202,-0.40711503,3.415551839,21.8703322,7.540098692,61.66372043,0
13.8671875,40.65275419,4.126739639,16.92496608,110.1730769,63.68767314,0.254961842,-0.655351465,1
122.3828125,51.15450266,-0.183366231,-0.599974708,2.105351171,15.64170113,10.09705836,120.1318207,0
143.0625,47.95469053,-0.072039343,0.296130698,2.693979933,19.57252179,9.047343189,90.58223362,0
103.015625,48.74054145,0.608944957,0.222095958,2.392976589,14.64876691,9.064520146,107.4462111,0
122.515625,48.03855619,0.062231187,0.02953647,1.546822742,13.07907447,11.28079338,159.9311114,0
107.4765625,54.12470624,0.273396446,-0.357165218,5.261705686,24.95140907,5.843750318,37.9931633,0
115.40625,48.47686908,0.442631286,0.283332955,0.798494983,10.93972683,17.33779813,339.2015865,0
133.2578125,50.59802462,0.179645944,-0.314778242,0.795150502,10.25432497,17.97845924,381.7235981,0
110.28125,37.39964436,0.035459322,1.657987987,1.676421405,14.30700693,11.15404346,146.7205606,0
153.4296875,51.49206304,-0.328023302,-0.399454786,2.485785953,19.74733288,8.998641251,87.17534031,0
121.6953125,45.74992462,0.180281124,0.251769725,0.539297659,8.804697791,23.5662806,624.8654075,0
35.4140625,30.11476158,4.860644574,30.64912859,33.01170569,51.02871377,2.04042602,4.470146528,1
130.171875,53.4092556,0.090276517,-0.389750559,1.10367893,11.53912727,14.17907221,246.5275702,0
97.7578125,51.5574234,0.789374509,0.473084066,2.663043478,20.47196481,9.948226346,105.6297436,0
112.4140625,52.93414649,0.111070929,-0.209740061,14.72157191,44.36243141,3.054767155,8.455074108,0
124.4921875,45.21977514,0.183788297,0.223369921,3.706521739,25.73845796,7.459985957,56.99528069,0
142.0859375,45.92895794,-0.152055718,0.061267439,1.734949833,12.86198214,11.00744751,159.2803401,0
99.0390625,44.89334624,0.437809939,0.550292842,1.224916388,13.33058248,13.77793617,214.2811209,0
75.53125,38.67067233,1.80386797,5.474289821,21.51839465,54.84521085,2.694580166,6.3625074,1
131.0625,61.79802662,0.004828062,-1.230679118,97.47575251,79.01767454,0.109708169,-1.340450084,0
112.921875,38.45504871,0.435998881,1.540911276,2.476588629,15.41131562,8.630169782,94.3470653,0
99.375,48.65230596,0.483553781,0.1838504,2.016722408,16.4198078,10.30183263,122.6750266,0
85.6875,35.48519718,0.712184647,3.70739484,2.515050167,15.31925388,8.645087047,96.2009376,0
104.890625,44.33770164,0.350211029,0.439332305,1.902173913,17.09773094,11.08724279,134.4348099,0
74.9609375,32.01401118,1.107187707,6.576441073,1.753344482,12.12636355,11.53506275,185.2704767,0
123.171875,46.18324733,0.11926277,0.526146123,0.988294314,11.32079494,14.76318729,261.5906109,0
80.4375,48.13972989,1.606092678,2.362365961,32.72324415,65.51169439,1.854559768,2.127182323,1
123.625,54.13871073,0.115856028,-0.184055818,4.453177258,22.37246236,6.604080297,50.68142875,0
87.9609375,39.56351743,0.500335028,1.625521104,1.428093645,16.06687571,12.39796438,162.0816665,0
146.4140625,55.15992762,-0.153022924,-0.297829265,98.15635452,85.14129394,0.076009666,-1.495042212,0
130.921875,53.92205158,-0.082432573,-0.479785383,3.859531773,22.4687148,8.091708967,71.40279504,0
120.765625,55.06239137,0.186691588,-0.553168988,1.847826087,16.78454617,10.33915185,115.4915529,0
135.953125,46.87730984,0.108746126,-0.011254562,2.201505017,17.19561947,8.98690529,90.15211043,0
133.5703125,49.5351333,-0.116520845,-0.037196929,2.327759197,17.1099513,9.965700714,115.4882626,0
111.6015625,47.02996715,0.138374139,0.118190454,2.954849498,18.92114339,7.982563865,72.60173334,0
152.5703125,43.38682901,-0.251523509,0.465217154,6.072742475,29.74322485,5.738266312,34.77174391,0
107.9375,41.44626604,0.436640053,0.484988692,0.857859532,11.74854421,16.76482591,307.0368937,0
141.234375,55.45007388,-0.453961516,-0.0733059,1.358695652,10.29153302,15.57754208,330.120405,0
125.625,48.81902165,0.000154403,-0.191657537,1.147993311,11.7019424,15.36988913,277.2619557,0
153.7734375,58.02426955,-0.723843147,-0.301723099,165.2767559,50.91212669,-0.817387345,0.76729726,0
102.3359375,48.51953172,0.218733252,-0.053769648,1.091973244,12.00375788,14.5767307,247.9631688,0
112.9140625,46.58510816,0.554091794,0.2771536,1.230769231,14.37232766,13.75523078,207.8108069,0
108.109375,44.83532968,0.200612415,0.619117971,7.862040134,33.14299914,4.328699379,18.37138549,0
80.1015625,38.594211,0.854746426,2.509495511,2.040133779,14.89663588,9.794838674,115.7941906,0
108.6875,42.38453986,0.096632756,0.594045508,2.739966555,15.35935569,8.331104294,91.69409172,0
44.9765625,31.92140368,4.029005514,20.62460409,38.67892977,61.13347361,1.708120328,2.213852205,1
109.5625,36.62622652,0.278254042,1.814581705,5.351170569,25.6453251,5.864311475,38.50241331,0
96.9375,37.01198075,0.563277119,1.586785985,1.606187291,11.91018206,12.73793927,213.6194168,0
20.40625,27.5401518,6.625817145,47.84019835,29.76337793,55.51502581,2.237916195,4.720125169,1
96.5390625,49.03982794,0.628611897,-0.022269944,0.445652174,9.121598986,23.79285073,602.4315839,0
125.3125,40.85411355,0.325112286,0.503611011,1.985785953,18.13878949,11.02281,132.7205876,0
33.2109375,61.97537973,2.527217952,5.072100392,122.5911371,105.1368557,-0.123556741,-1.834990339,0
117.359375,44.40205766,0.002822546,0.448794292,1.826086957,13.57944006,11.48735149,164.4442499,0
95.8828125,33.7554674,0.319336652,3.172673419,1.413043478,11.14633421,13.50964597,248.6154605,0
121.1015625,42.49702928,0.236478749,-0.035706116,2.572742475,15.28285899,8.721703719,98.9751082,0
84.453125,44.78976225,0.962164479,1.906319437,6.025919732,29.8443313,5.199867418,27.16571097,0
147.34375,47.31021915,-0.01325218,-0.099323372,2.505016722,14.60462685,9.382908543,114.6653701,0
129.46875,76.69734936,-0.021890095,-1.433829828,149.4732441,42.67617571,-0.145077171,0.999936038,0
140.671875,57.51427939,-0.101899533,-0.58310692,15.60869565,52.15248794,3.531880186,11.30721959,0
122.984375,48.40099179,0.344993356,0.189795215,5.752508361,26.64593097,5.501731568,33.29325542,0
110.890625,38.42509645,0.233570372,1.000556711,3.505016722,25.58893224,7.695064615,59.81581274,0
118.2734375,41.5851376,0.260981863,0.825794937,1.876254181,14.40252921,10.14875828,125.6739403,0
108.8984375,51.71025645,0.073618355,-0.432564868,108.9456522,78.42685847,-0.615833144,-1.496695207,0
124.875,52.3928967,-0.004330466,-0.056559039,1.4590301,13.22208653,11.83353927,168.6560155,0
138.2421875,55.14324331,-0.133974213,-0.742404267,4.984949833,25.52239703,5.464095407,30.95076206,0
76.515625,37.64492503,0.857257553,2.773205048,1.805183946,17.41264888,10.93680598,127.8741213,0
122.1484375,48.78077392,-0.097906922,0.013527811,3.276755853,23.85798622,7.810014542,62.41340758,0
115.2578125,49.22941291,0.220433713,-0.028625823,1.835284281,11.69028092,11.85991761,204.0156805,0
120.0625,53.66632295,0.119315743,-0.661353598,7.279264214,37.47827382,5.183002361,25.80754994,0
119.9921875,53.85462145,0.257339812,-0.276196914,2.849498328,20.46325751,8.243909211,73.25644244,0
114.0390625,44.73278341,0.323824208,0.525874455,1.919732441,13.4544411,10.20864007,136.7080451,0
131.25,46.87949978,0.041032378,0.13208735,0.992474916,9.575039504,18.02280786,426.875296,0
126.765625,51.92745606,0.183117425,-0.453695957,3.299331104,21.29104023,7.241712991,56.67303492,0
141.1171875,47.97519234,-0.172315253,0.329027059,3.202341137,21.4099388,7.750882238,65.58289244,0
65.3984375,46.69203289,2.241093368,5.810580891,87.96571906,72.43958153,0.509195807,-0.651626359,1
129.8203125,54.59459016,0.082548807,-0.362707125,1.443143813,9.980714421,15.84168941,357.3638859,0
42.2109375,35.01822123,4.385239948,20.81496821,32.83026756,63.10692302,1.98200815,2.898798361,1
129.78125,43.70228425,0.025720268,0.448573491,2.341973244,13.33793885,9.437351287,128.7812011,0
102.5625,48.73569502,0.233039013,-0.114324994,2.472408027,18.54633737,9.287412036,97.23699101,0
98.09375,45.74307282,0.399951971,0.808469975,6.93812709,33.29948503,5.131555143,26.3394366,0
104.265625,47.78834919,0.355374671,-0.04856808,3.293478261,23.45910106,7.692720848,61.01980244,0
113.28125,53.46639387,0.280865043,-0.363182629,4.019230769,24.73161216,7.244346053,55.29537245,0
89.0625,40.73058395,0.624452312,1.216102017,0.953177258,10.33556455,17.77638165,377.6605367,0
125.4921875,49.64908044,0.055746205,0.024326212,4.217391304,27.1169195,7.044003824,51.11384933,0
125.9140625,53.81958103,0.041155626,-0.253957899,1.609531773,16.17986928,10.84377996,124.3645835,0
135.7734375,43.8112455,0.114426617,0.164807911,3.914715719,25.35954335,6.837707267,48.33676914,0
114.3984375,36.57170607,0.709696096,2.796626585,4.590301003,27.16386616,6.252619791,39.40287878,0
104.0703125,39.94355071,0.204919664,1.731723621,0.811036789,11.14173263,17.84954256,347.453429,0
132.046875,59.56808859,-0.130182468,-0.627759615,2.100334448,12.5014367,10.75078834,166.3521256,0
127.84375,45.63894265,0.003601046,0.485185945,3.817725753,26.23613289,7.28048687,53.47356186,0
129.8671875,44.70552453,0.303905716,0.176053142,3.158862876,21.75567077,8.734680341,83.36691882,0
91.5625,39.00635966,0.409760651,1.33649788,2.567725753,14.84562462,8.619903151,98.97347292,0
114.6484375,42.30886983,0.58450031,0.995612284,2.692307692,17.86611227,8.845857779,90.62643443,0
106.8125,45.09482197,0.002360896,-0.165399717,1.857023411,11.89820786,11.43838977,189.567397,0
22.5390625,40.34129831,4.248686624,17.97538192,83.18478261,67.03781543,0.594073738,-0.202539391,1
131.8515625,45.89289328,-0.081505884,0.217589096,3.040133779,18.18747763,7.749876279,70.87297007,0
116.734375,50.71342345,0.180641897,0.037483017,4.189799331,26.26597166,6.655377115,44.87762327,0
135.625,52.17308933,-0.070328329,-0.557120417,3.151337793,22.57039541,7.59426148,58.96768284,0
52.3359375,34.77500839,2.478374846,10.17917088,8.230769231,34.77594683,4.652341839,21.98788225,1
110.046875,38.79530806,0.401450988,1.174854727,9.887959866,41.08447317,4.304703783,17.78401915,0
130.828125,45.27349345,0.027897723,0.028332998,2.072742475,15.58289602,9.951047663,117.537957,0
116.578125,56.24300087,0.330719001,-0.244356077,2.195652174,16.93920413,9.396868251,98.24112884,0
112.3125,51.77214955,0.198717432,-0.378226218,3.923913043,22.33374241,6.929848287,53.79259337,0
139.015625,51.83326399,-0.207793103,-0.094389343,2.980769231,17.2204999,7.931036361,76.96670775,0
116.1171875,58.42578373,0.11818359,-0.585975981,1.93645485,13.61440962,9.928026567,129.5081055,0
119.8515625,48.07547612,0.05230828,0.068631967,6.429765886,34.03432632,5.459486149,29.39018788,0
142.6875,45.05651833,0.236937288,0.192324863,3.551839465,17.68863423,7.08842642,63.11326876,0
94.4765625,64.09416472,0.73565444,-0.341452976,4.62458194,32.21038228,6.980556562,46.95336301,0
66.90625,37.09835692,2.01522619,8.207493846,11.1270903,40.00475183,3.931797851,15.30426303,1
84.109375,56.81841064,1.169905984,0.918400261,133.6254181,92.27443884,-0.39216452,-1.447891765,0
115.6015625,46.21609227,0.28998105,0.209365584,2.765886288,19.77905653,8.5494481,81.54686399,0
92.09375,41.75925,0.582025398,1.021297138,2.060200669,12.99992493,11.11011364,163.6771255,0
102.8125,51.71673901,0.517510232,0.147336078,1.725752508,16.02595217,10.99191119,132.2319602,0
12.765625,31.97007497,5.879498662,35.61346695,24.60702341,48.90039447,2.374916068,5.515552218,1
121.96875,52.90084142,0.257127656,-0.122024921,1.802675585,15.08946097,11.16593181,146.9862767,0
100.09375,38.16666525,0.460117449,1.144500019,2.66638796,14.99062943,8.308376193,92.8109547,0
132.75,41.85951206,-0.253640474,0.64769231,1.045150502,11.54044661,14.03408563,240.1349596,0
91.8046875,43.47378136,0.59366442,1.095129761,3.306856187,20.48293163,7.018252774,54.02972139,0
125.28125,44.15826252,0.212301804,0.5030429,4.565217391,21.78175253,5.82167439,38.81408955,0
104.3125,38.38492339,0.413408659,1.583128108,1.203177258,14.26826202,14.15243887,217.2045461,0
109.4453125,38.43659726,0.318700037,1.468051559,2.954013378,18.83750419,7.440288156,62.18273885,0
115.6953125,50.06754166,0.324988541,0.083723549,1.349498328,10.7185766,15.16117578,300.671914,0
103.8828125,51.96206866,0.39239138,-0.165644547,3.906354515,20.33505943,6.542161401,49.45148096,0
128.625,50.02639928,0.202323546,-0.020410805,2.839464883,19.76968511,8.522581527,80.0821932,0
141.2734375,49.44768619,0.176000876,-0.075656916,5.269230769,28.05324172,5.39681723,28.62408464,0
114.9609375,47.38166219,0.228306741,0.058602053,16.96822742,46.38082863,2.59808252,5.503013072,0
100.21875,46.51829907,0.282239936,0.45280491,1.572742475,13.94928318,12.05180895,173.6686045,0
102.1796875,36.80277537,0.259479219,1.767631513,3.64632107,22.62644503,7.226092262,55.50869472,0
139.171875,46.87351821,-0.314232064,0.44261008,1.627926421,14.19929303,11.65765211,160.9326624,0
114.359375,47.4779117,0.352885202,0.438111658,1.905518395,16.15079245,10.53494435,126.1819551,0
106.375,42.36024817,0.248311134,0.362380842,1.704849498,12.46200956,11.38367187,174.3720153,0
116.390625,44.89053254,-0.183359533,0.458156132,2.907190635,16.32576749,8.400373883,88.7151001,0
138.8359375,45.45392195,-0.096960911,0.08651574,3.08277592,18.52984588,7.179261897,60.66034644,0
128.25,61.41253944,0.101367873,-0.869456117,1.581939799,15.39580824,11.85610905,155.2965293,0
134.796875,47.23947624,-0.049336031,0.154492364,1.607023411,12.82286384,11.59803558,170.8579575,0
87.34375,34.4482033,0.631721685,3.264305952,2.12458194,13.19389863,10.3888651,146.0720641,0
132.1796875,54.16950157,-0.013795527,-0.442513699,1.483277592,14.65354254,11.96677834,157.8468007,0
115.859375,50.48464098,0.387078533,-0.138601696,3.849498328,27.33201826,7.402490108,54.83585124,0
124.1640625,50.18104369,-0.1343068,0.140015149,2.070234114,16.88967002,9.55470469,101.3040941,0
125.9453125,43.5992597,0.303747682,0.366281225,1.612040134,14.84124424,11.31321521,146.0787101,0
101.3359375,49.19576286,0.588679004,0.572627591,4.85451505,26.99019216,6.453153284,44.42716152,1
123.5,47.78647167,0.035054235,0.202899688,6.027591973,27.80342021,5.435981218,31.26290481,0
111.1171875,43.07145609,0.399296118,0.891883073,2.10451505,12.9893813,10.46770201,152.6719977,0
110.296875,53.96358138,0.551669376,0.044974471,32.36287625,63.92381879,1.95999445,2.637734683,1
124.484375,56.2308279,-0.005208861,-0.537727309,4.052675585,24.43569955,6.803464138,48.7541533,0
103.9140625,42.06301585,0.476930869,0.691782364,2.308528428,17.69821224,9.334880917,96.96275913,0
120.390625,50.2539231,0.022643996,-0.016691234,3.196488294,21.68617042,7.974893737,68.84760067,0
105.25,39.42813875,0.449815831,1.189221199,1.200668896,11.95923397,14.44210085,253.2340973,0
110.828125,37.52813723,0.172955645,1.19216523,3.108695652,22.21775537,7.825859302,63.78263897,0
98.515625,50.3891085,0.367874413,-0.126132917,2.816053512,21.81300761,8.376984813,72.48830917,0
112.609375,60.26688487,0.203485944,-0.673038686,66.68394649,82.87167484,0.891893496,-0.704663309,0
98.5859375,40.46517163,0.745425139,1.334158596,1.322742475,11.21548669,13.72594943,249.0112347,0
124.859375,55.56762974,0.018782805,-0.463299233,14.61956522,48.07143429,3.253722219,9.329890455,0
120.0859375,49.36139486,0.358744894,-0.319112955,1.513377926,11.73996355,13.32836013,228.0616713,0
106.484375,49.45294234,0.391561487,0.106329482,4.754180602,24.00957392,6.167178647,42.07080057,0
128.453125,47.72952103,0.199422866,-0.221861885,4.212374582,24.42266576,7.178946111,55.21750577,0
116.390625,43.29662126,0.330796675,0.77493033,3.358695652,17.92247145,7.561806152,69.11221086,0
92.3828125,45.28333045,0.685383712,1.00280488,0.886287625,10.99758772,15.7706573,294.0786744,0
14.8046875,31.17166647,6.710202992,46.55366153,106.3595318,54.36439822,0.745579271,0.951048193,1
125.7109375,43.81515726,0.150369616,-0.004273978,1.710702341,14.46319001,10.60697594,134.0098325,0
130.9453125,53.60493631,-0.06495473,-0.539663837,0.527591973,8.235054846,25.88756409,767.5866208,0
107.15625,48.59726675,0.326173608,0.02605364,6.571906355,34.3388926,5.351523919,27.96954754,0
127.5703125,38.26994651,0.22612901,1.972821261,31.11705686,66.15966809,1.832828613,1.698899538,1
137.2265625,50.37580875,0.012381566,-0.092344579,1.357023411,10.83999435,14.38843522,278.4724411,0
102.59375,49.82209561,0.476667379,0.159972238,1.837792642,16.17774731,11.31276945,141.8802693,0
113.96875,40.07374793,0.550077693,1.272810347,1.841973244,12.5372066,11.47597725,175.6986109,0
125.0,56.35601121,0.078656861,-0.455179989,91.90217391,91.36574098,0.020768838,-1.928896737,0
116.265625,42.9740991,0.116178447,0.723430264,1.724916388,16.02831153,10.39375909,117.136929,0
46.234375,27.68022884,3.986850736,25.42175255,12.64799331,42.39143921,3.918737221,15.19654897,1
110.1015625,44.89777275,0.420535629,0.134953688,1.884615385,12.61575424,10.92185494,164.6528258,0
118.8828125,54.18841855,0.317259575,-0.410863164,1.422240803,14.03619808,12.21889763,168.0619107,0
125.6328125,50.1087678,-0.014059011,-0.436555857,2.232441472,15.71121549,11.4971282,155.943172,0
119.4453125,47.89063201,0.257340827,0.009862879,3.002508361,22.41697787,8.525242609,76.29765943,0
110.484375,47.74819767,0.305608563,0.123397857,1.313545151,17.16410612,13.0625168,169.6225383,0
124.4453125,50.17046077,-0.1444752,-0.304036153,13.55100334,44.54220772,3.366390304,10.43798758,0
151.1875,51.74196043,-0.272437066,-0.444563376,2.404682274,16.03810611,9.068029223,100.3546015,0
115.390625,47.91174086,0.014636921,0.061352107,8.123745819,33.40360371,4.224576031,17.4568531,0
142.5625,48.31080204,-0.351230699,0.101362244,96.63294314,86.4042468,-0.1914619,-1.890213089,0
95.3515625,41.82881592,1.280502609,3.351276969,14.10367893,47.47480536,3.513019199,11.30599897,1
119.6171875,55.25864201,0.103762869,-0.268105481,2.069397993,13.38156397,10.26214108,139.8282692,0
57.5546875,46.24337936,2.740055523,7.864373369,2.285117057,16.7783548,10.4503698,121.6933137,1
89.7578125,38.91130662,0.5716299,1.970539756,3.551003344,20.78480859,7.451687759,63.27082393,0
24.609375,40.82340673,4.288720043,18.15569373,89.41889632,58.4027157,0.727091967,0.545543042,1
126.0390625,52.47088513,-0.064743272,-0.339413845,3.846989967,18.99672123,6.857779455,60.06951698,0
123.2578125,50.05188653,0.304126517,-0.214819646,2.72909699,14.5628102,8.503287277,100.2495047,0
119.1953125,41.94808149,-0.053974763,0.296189447,2.931438127,21.3793648,8.483354596,77.3808537,0
97.765625,50.08874692,0.54992549,0.056298891,15.50334448,46.96505663,3.109500247,8.689941472,1
125.0859375,48.52770268,0.117176155,-0.161452856,2.931438127,15.73692529,8.527112498,95.27023873,0
99.515625,43.98667845,0.468152535,0.439287517,2.316053512,14.64788877,9.637235147,116.6782256,0
120.9375,46.65845817,0.404145802,0.154346379,1.739130435,11.89286796,11.8146137,195.7049288,0
96.9609375,49.72650236,0.348621461,-0.009344459,2.20735786,19.98487252,9.587378667,94.99771183,0
27.484375,26.77655935,6.110542304,43.94082312,116.8754181,92.04395143,-0.058689126,-1.571429441,1
85.5078125,51.7055963,1.227573635,1.16486219,115.1120401,94.24420791,0.061059114,-1.547380894,0
100.2109375,49.84062919,0.430217791,0.194697711,4.489130435,22.74033402,6.638639361,51.03784606,0
121.015625,56.94747914,-0.105391131,-0.832024731,170.9314381,98.31715444,-1.067532447,-0.763358581,0
91.0078125,35.81887947,0.422249964,2.508616303,1.472408027,13.80714303,11.96459002,164.5869212,0
84.390625,34.75702141,0.903722718,3.511426328,2.088628763,15.82086715,9.923397215,113.4533138,0
112.8828125,52.40879296,0.241419528,-0.310060484,12.63879599,42.69215815,3.337903161,9.959742604,0
124.8125,53.15348501,-0.382617094,-0.005655682,8.220735786,38.04195587,5.146605105,25.71237323,0
107.2109375,45.15418937,0.467818254,0.711132344,2.305183946,14.83199132,8.909684697,101.7556448,0
107.875,44.97308223,0.42976974,0.629305493,3.055183946,16.69063277,7.850316889,79.26510686,0
104.4921875,51.18349284,0.137351138,-0.198148613,2.296822742,12.29064236,10.12187992,161.1494408,0
119.203125,59.21403964,0.173684399,-0.509824508,3.827759197,22.43423161,7.173969382,57.6652852,0
138.8828125,52.30135352,-0.293225096,-0.250116221,3.674749164,23.15031002,7.354253362,57.68046142,0
96.6953125,43.17091009,0.288483469,0.729575756,0.72993311,10.74506064,17.64408356,348.3409742,0
111.734375,50.81161352,0.179552902,-0.257416499,0.862040134,12.03222529,16.26252547,287.3971129,0
145.3125,46.60484652,-0.402589353,0.311179659,2.79264214,17.77612015,8.892784928,95.81944158,0
114.546875,45.7359711,0.293721461,0.205579064,2.33277592,15.53083983,9.66622426,114.8771635,0
142.1796875,56.72596319,-0.183363782,-0.721438052,8.949832776,39.29945694,4.532284937,19.7037212,0
148.9296875,41.9285448,-0.193766156,0.838409533,1.106187291,13.30575335,13.20844043,190.147768,0
100.296875,41.94012834,0.310335502,0.789926038,1.109531773,11.03796471,15.78851701,301.6500253,0
97.140625,47.77089438,0.625218075,0.740796144,4.193143813,26.46526062,6.927045631,49.62852693,0
100.7578125,43.51001072,0.408487987,1.067194817,3.888795987,21.83773026,6.552622755,47.71670994,0
141.65625,49.10168618,-0.474854264,0.099495417,0.995819398,10.47424693,15.91899075,322.1493691,0
121.078125,51.74752551,0.001278222,-0.140663537,13.09698997,43.9311253,3.224587068,8.955688115,0
117.21875,56.38773935,0.090613663,-0.51490464,2.763377926,16.02866464,8.615121645,92.89865266,0
117.734375,41.68716911,0.18508554,0.727627952,16.01588629,56.63130109,3.274279876,8.807329227,0
110.6875,47.6975743,0.332310226,0.246588246,7.668060201,30.56687416,4.328753001,19.29252425,0
94.2421875,36.03161504,0.616189163,2.196887313,3.463210702,21.80959297,7.26012789,57.04317307,0
134.59375,48.13237565,0.239774245,-0.137926639,2.358695652,13.73455714,9.633069044,128.4782334,0
125.21875,57.25695066,0.021157045,-0.698371022,25.91220736,52.08704271,1.973673767,2.918884516,0
86.6171875,42.37907818,0.414725102,0.776681233,2.986622074,16.67026737,7.334844709,69.11497985,0
110.0390625,36.48210228,0.51425084,1.756580263,2.33277592,21.56148468,9.686195629,95.79618812,0
109.5234375,48.89385264,0.195771439,-0.304190797,4.277591973,27.09446869,6.726237455,46.01618643,0
103.15625,43.98817979,0.545785142,0.907801946,2.361204013,18.07009669,9.314984172,94.23477577,0
116.6796875,46.89231907,0.084552409,-0.084235737,6.498327759,33.03984365,5.363516029,28.44473086,0
66.6484375,34.90334642,1.750483432,7.067232882,30.5451505,67.31738932,2.076476872,2.784666764,1
159.671875,56.30054803,-0.867088063,0.190458812,138.9339465,101.8340828,-0.433252202,-1.601011847,0
128.7734375,45.80669555,0.086169154,-0.031764808,2.66722408,15.93295829,8.75667197,95.36727143,0
150.8828125,44.86396471,-0.164659392,0.242533353,3.68729097,21.95421366,6.902402756,50.86831215,0
135.578125,41.03401968,-0.248317225,0.582762458,13.55434783,46.6903579,3.383874579,10.12858769,0
134.7734375,50.30690417,-0.169489976,-0.317798094,13.85451505,42.8437767,3.137491414,8.956706554,0
157.8828125,44.40696403,-0.425179573,0.457416546,2.204013378,16.95484414,9.86502431,108.5895812,0
67.7734375,36.34023572,2.399875708,8.847333544,11.83862876,41.62505693,3.744950977,13.44407137,1
30.8359375,48.74275224,3.11998017,9.41460999,135.777592,47.29665893,0.286947639,0.862177637,1
101.9765625,42.26894266,0.455154778,0.739002366,1.964882943,12.21745986,11.27319162,179.9859998,0
121.296875,51.07399035,-0.000418589,-0.178420618,2.064381271,12.82236636,10.23916292,149.4958233,0
116.640625,41.98153135,0.09585524,0.297925564,2.970735786,16.56183245,8.186273206,83.29271327,0
99.6484375,45.56530167,0.247321372,0.161564318,2.173076923,16.57331873,9.968560297,115.9644053,0
87.9140625,40.84001319,0.559972214,1.105450061,8.693979933,37.08901879,4.466419541,19.52024795,0
57.3984375,44.95524508,2.638749728,7.709672575,59.05016722,85.54686852,1.141041449,-0.250511785,1
122.9609375,49.20848541,-0.016033772,-0.232481859,7.394648829,35.48535575,4.898749171,23.24933976,0
97.859375,40.4858645,0.482313739,1.229244783,1.372073579,15.04156524,11.95906614,152.7848578,0
145.8359375,46.96337957,-0.174606503,0.06366492,1.897993311,12.95365921,11.08417789,161.0327642,0
107.4921875,42.67866784,0.623807851,1.28895926,1.81187291,12.78614528,10.89209678,159.4170537,0
130.9375,48.95561606,0.00573356,0.109159462,0.689799331,11.08910081,18.44280336,363.4716642,0
124.171875,49.12183663,0.360750639,0.148151028,8.440635452,37.40223359,4.625331954,20.84458196,0
127.6796875,57.01163993,-0.022797055,-0.471000466,77.65050167,95.15970518,0.569825189,-1.468140436,0
114.234375,48.65880643,0.31214975,0.433843426,1.890468227,15.60739714,9.907923791,113.5430643,0
117.8203125,54.23450723,0.589223035,-0.043594186,2.151337793,15.22000334,10.75934444,138.6908844,0
106.2109375,43.34809186,0.143768518,0.283565448,2.528428094,15.0224479,8.752411584,99.8770457,0
101.7265625,49.59834215,0.337671454,0.020867519,1.123745819,11.16528624,14.79251387,271.9487424,0
102.6015625,46.55160776,0.303219269,-0.114395448,2.029264214,18.52915031,9.918087712,103.4548206,0
112.265625,48.3975213,0.096616712,-0.160437986,2.134615385,17.77171588,9.61072539,101.6014101,0
111.2734375,34.60665463,0.36745048,2.093377476,2.294314381,17.38065856,9.787878992,106.5243207,0
123.140625,51.04681283,0.095751882,-0.047180955,2.239966555,13.38496541,10.3431984,146.7825159,0
122.125,61.29475406,0.149358004,-0.820196552,2.869565217,17.38549861,7.687674405,73.33116078,0
91.671875,52.35084607,1.109139963,1.254926715,56.08528428,76.37575053,1.158539245,-0.020560474,0
128.5390625,51.56911357,-0.177169464,-0.36979677,16.78010033,50.63304246,2.936389409,7.341310008,0
76.484375,34.673924,1.051201422,4.373571042,2.070234114,17.39901826,9.532496416,98.75590785,0
23.7578125,39.25273599,4.48359576,20.20811097,160.1563545,84.54152253,-0.202564378,-1.548287382,1
74.828125,35.29255175,1.001460528,3.854294692,3.321906355,21.03244559,8.239854854,76.87321565,0
118.65625,44.09815712,0.148819642,0.367206136,71.76588629,91.16714614,0.502354674,-1.704217429,0
115.3828125,45.25105681,0.267057378,0.079828604,6.147993311,28.90372679,5.138478277,27.5478639,0
134.7109375,44.29608341,0.191711534,0.308237411,2.70819398,20.42289439,8.54912745,78.67869195,0
121.703125,59.21166473,-0.228119637,-0.440013638,10.39715719,38.64040063,3.925632046,15.05695713,0
113.734375,35.1464535,0.379382009,1.585375693,4.348662207,24.31646854,6.570762115,46.62526385,0
120.5390625,56.18035999,0.312168271,-0.533884725,2.122073579,14.33830899,9.626289969,121.7744516,0
126.171875,47.41738035,0.108234477,0.373438319,2.570234114,15.27230811,8.530018418,93.24530274,0
121.671875,39.21158737,0.002545734,0.947043573,3.461538462,23.24378636,7.258005568,54.63888751,0
126.59375,52.18842626,-0.076597933,-0.249035412,1.085284281,9.914319439,17.01155664,379.5875583,0
91.03125,41.86267309,0.565619962,1.317615467,4.469063545,23.03900748,6.248239901,42.82136294,0
83.1640625,45.66330196,1.448609429,3.001362527,24.69899666,61.10525788,2.35184019,4.160649929,1
103.6484375,52.5996955,0.161363018,0.006547503,4.318561873,24.46411658,6.245707699,41.2940032,0
118.8046875,46.7792453,0.282037699,0.117742368,2.276755853,14.45704611,9.595852078,117.9152166,0
109.640625,39.83790092,0.309137887,1.322247394,1.638795987,13.13328763,10.86928688,150.8929053,0
100.890625,39.49628827,0.518331071,1.550456789,1.733277592,12.30941382,12.45360191,204.6668024,0
105.21875,47.31855765,0.671912494,0.402359759,4.346153846,25.98624366,7.691747409,62.30932363,0
134.1953125,53.69358356,-0.091187357,-0.368034253,1.636287625,13.88512308,12.41263749,187.4405814,0
55.6015625,30.84166719,3.76265049,19.62593194,15.85451505,46.80919683,3.407549073,11.38513296,1
130.0234375,50.4099545,0.168292221,-0.289373182,1.825250836,13.57619638,11.31111306,156.1799393,0
117.078125,48.12039091,0.297434227,0.071806035,2.679765886,19.44674467,9.020114937,93.03274984,0
103.9921875,52.333142,0.410813935,-0.220965368,3.06270903,19.98545242,8.065072038,72.50942812,0
111.9140625,50.90018224,0.291583707,0.480889618,1.382943144,12.83633183,14.42136533,243.4961006,0
136.0,40.17442439,-0.217518258,0.912870738,0.974080268,11.7643457,14.51909453,243.8393697,0
129.140625,49.99948974,0.165773225,-0.095272831,1.622909699,15.94338154,10.90964301,128.8100866,0
115.359375,55.05419693,0.413834909,-0.419988282,3.269230769,19.62817637,8.193471037,78.82876784,0
108.8671875,43.12144389,0.374764515,0.461249868,1.889632107,12.34040023,11.0744478,172.1784414,0
122.4296875,53.11451126,0.320415831,-0.227108413,2.772575251,16.74234564,8.369333188,86.05560055,0
112.7265625,40.21635139,0.088744325,1.240098829,1.014214047,12.70118231,14.25848024,222.8939764,0
122.640625,48.89844936,0.197518343,-0.075827788,3.668060201,20.4695961,6.887724319,56.10667498,0
130.9453125,40.94495325,0.113208479,0.634596666,2.017558528,16.19851327,9.658393429,107.3157256,0
113.328125,47.7369271,0.048385551,-0.04067975,3.141304348,19.21253074,7.545929541,64.93149394,0
133.7421875,50.21395568,0.08282333,0.102864167,7.769230769,35.57264821,4.686368109,21.17359102,0
97.8671875,47.40852559,0.54364148,0.406143437,2.488294314,16.47621261,9.249479994,102.0549879,0
103.3984375,44.42749357,0.390188897,0.264724106,17.21989967,52.53959461,2.878585257,6.753066195,0
142.5234375,49.59334079,-0.273863878,-0.043799966,2.435618729,15.23516995,9.066347073,102.8220283,0
117.71875,47.40202684,0.160251379,-0.346978043,3.451505017,19.74829461,7.847568828,71.22529306,0
119.8515625,40.70724172,0.302442792,1.00115427,1.903010033,11.54773245,12.01338497,212.0599223,0
129.5390625,35.1572144,-0.076304451,2.236829801,0.498327759,9.663787725,21.73550661,503.2300707,0
125.0234375,52.89264848,0.097919654,-0.39370549,1.794314381,13.77808477,10.83615606,145.3872006,0
148.046875,56.2189997,-0.149531894,-0.51167405,4.241638796,21.85317313,7.397948892,63.35908101,0
119.1328125,53.02039276,0.473899446,-0.133896288,2.391304348,18.03037361,9.300479246,96.54039788,0
36.7421875,26.12268115,5.601090703,40.16710305,42.98494983,66.03728379,1.617478021,1.690875928,1
136.875,42.29638726,0.044292161,0.301780579,0.904682274,9.813866963,17.57239424,396.5352086,0
113.1796875,44.55025842,0.17489286,0.436463642,2.309364548,14.62095026,10.14591012,132.9256359,0
117.203125,52.98472058,0.133527767,-0.286991578,8.004180602,33.58241222,4.518682331,20.30995429,0
124.5390625,54.85035072,-0.138596652,-0.273352798,7.439799331,36.61538168,4.790491664,21.36330438,0
126.3984375,49.08909945,0.133203321,-0.20108227,4.066053512,25.17742695,7.035202512,52.86614359,0
135.3671875,45.241517,-0.147412041,0.37187382,2.742474916,22.71627167,8.89029666,80.96681838,0
129.4609375,52.03573026,-0.177866951,-0.101137271,3.836120401,25.15443736,7.169650645,52.48748768,0
121.1328125,57.34099906,0.123975288,-0.496631593,1.157190635,11.71878006,14.44209656,252.2285277,0
121.3046875,60.6772402,0.05707415,-0.663587301,8.168896321,32.64886005,4.252281301,18.23917096,0
112.828125,50.13561443,0.347155382,0.129286516,9.563545151,38.86121617,4.10053633,15.80989758,0
81.15625,40.24989082,0.55491087,1.400578264,2.277591973,15.50174873,10.18647486,124.3845552,0
97.4765625,39.20597946,1.126580137,2.658354947,4.901337793,28.06690463,6.428449456,42.9895902,1
116.171875,58.63953836,0.291528053,-0.511846368,28.63545151,58.52975015,1.933245575,2.508814221,0
113.984375,46.50856513,0.21052785,0.125136392,1.869565217,15.99533931,10.60601984,126.8972533,0
107.7421875,42.71073601,0.315426211,0.47506187,0.959866221,13.86443181,15.03160364,232.5923304,0
119.4140625,49.23723301,0.503059165,0.587411727,2.122073579,12.29113724,10.57712446,167.7965375,0
132.484375,43.23030339,0.043147765,0.513479855,4.278428094,21.47749626,6.48271807,49.70654607,0
109.828125,51.30562673,0.074724818,-0.05692356,1.574414716,12.51007544,11.8089378,179.2747478,0
131.828125,35.14992651,-0.006715661,1.693808743,1.736622074,15.50897992,11.87977637,160.7234996,0
105.015625,46.2065648,0.205473766,0.372112397,1.615384615,12.09304358,11.9042893,190.6875401,0
124.109375,50.94347885,0.10383716,-0.106401968,3.273411371,19.18488628,7.889482101,72.60824417,0
108.9375,46.51608425,0.265501744,-0.165093855,3.492474916,18.54338067,6.860690781,57.77839375,0
113.0078125,55.33484663,0.127173658,0.01219482,2.903010033,16.1166512,7.873506099,79.34359786,0
12.1328125,29.89574883,6.583985394,45.41182481,99.94063545,71.39082214,0.24315076,-0.678561408,1
120.09375,51.76531137,0.152884958,-0.395775757,3.33361204,19.67426822,7.962004044,73.62506345,0
111.8203125,40.3928818,0.729350678,1.588584424,7.964046823,35.55683958,4.700286212,21.82727751,0
129.7578125,46.28727317,0.082049106,0.054538843,2.043478261,15.7759644,9.946912521,112.3456708,0
120.640625,53.69440939,0.288436815,-0.252280925,3.151337793,21.52527502,7.779634731,65.68536317,0
89.3828125,48.02198733,0.526118258,0.617989372,2.698160535,16.54011127,8.193532612,81.19045168,0
46.015625,30.47565226,3.545051551,19.49501343,24.8319398,61.51964379,2.507846989,5.088718665,1
127.03125,50.65183509,0.175287999,0.117653609,13.64046823,44.85399392,3.295240995,9.897836526,1
130.4453125,45.74672266,0.091185758,0.404642148,1.885451505,12.51438326,11.35936063,175.833788,0
130.78125,47.61613065,0.001044529,-0.114471999,1.898829431,12.27727182,11.42853253,180.1409052,0
130.0625,49.45969792,-0.205287913,-0.167554216,2.256688963,17.74716041,9.248185704,94.25526196,0
120.578125,53.35649699,-0.125105578,-0.470178049,2.597826087,18.64129703,9.488488824,103.0995143,0
107.9609375,41.96881326,0.215873216,0.322129537,1.653846154,12.06090634,11.8580017,191.1838107,0
115.078125,36.16598224,0.365580485,1.666648595,1.204013378,12.15948302,14.41634865,250.5157561,0
107.0703125,53.53535391,0.269086425,-0.067354002,7.668896321,32.43979351,4.633770748,21.87686512,0
88.25,39.04604653,0.57152249,1.47049275,4.650501672,25.66972355,6.217865152,40.9873884,0
120.390625,42.0117607,0.274561615,0.450489132,0.448160535,8.155357409,26.72061167,800.1119478,0
109.203125,47.37011178,0.287428049,0.017077557,2.158026756,17.97701833,10.17193376,114.8670272,0
116.8515625,57.72010723,0.114704545,-0.284207205,2.765050167,15.17376992,8.214064038,90.25289762,0
19.5234375,31.11821333,5.677385339,34.21866053,76.1722408,70.16131984,0.721065608,-0.379067424,1
114.1484375,38.64988879,0.073194099,0.836099673,51.97491639,93.15562754,1.246016881,-0.420116178,0
94.921875,41.77892138,0.242758751,0.585400544,1.518394649,11.75981037,12.46411347,210.5668108,0
124.9609375,48.34501693,-0.020350952,-0.183169659,17.14548495,55.13683712,2.927283624,6.658445336,0
110.359375,45.33257906,0.496636799,0.575500223,1.150501672,12.5459993,13.24647739,202.2724689,0
124.2421875,52.44055356,0.235585136,-0.38595382,1.867892977,14.40500909,11.79805571,170.9243521,0
94.109375,41.68281165,0.567141475,1.62483751,1.387123746,11.5258094,13.33189143,231.1781336,0
113.4140625,59.75987462,0.415342958,-0.60248731,1.872909699,12.95376013,11.12832292,161.8534864,0
122.7734375,54.68020878,0.168552534,-0.515920685,6.024247492,33.37774448,5.803338769,33.28325955,0
129.5859375,49.56979413,0.082476731,-0.280117884,3.927257525,21.06250991,7.339362305,61.8314129,0
98.96875,46.2055424,0.527031908,0.079980042,1.987458194,13.33448053,10.31042146,141.3603377,0
141.109375,46.1646568,-0.066684108,-0.392803673,3.565217391,22.76221994,7.228317981,56.53888996,0
139.7421875,53.50485464,-0.20732335,-0.09466736,3.134615385,17.69084488,7.949859147,76.0577491,0
114.1328125,54.59071737,0.09929354,-0.21227264,53.17558528,68.37086017,0.595744117,-1.373747912,0
99.5625,46.52196222,0.452754181,0.117129471,7.742474916,34.68574498,4.541281169,19.85582468,0
112.1171875,43.52022179,0.054153917,0.005463874,2.347826087,15.642946,9.981530225,121.9459394,0
106.5625,50.99061648,0.417306755,-0.08887609,3.994147157,24.13962588,6.676586473,46.82577282,0
121.1875,48.74194645,0.224921257,-0.189650036,0.97826087,11.9796174,16.19086205,296.3563462,0
116.875,56.63796761,0.047057564,-0.881813409,47.74498328,82.76512694,1.28781909,-0.148054887,0
80.734375,34.53383404,1.083942061,3.957019183,7.456521739,32.15470988,4.440301941,19.28963583,0
103.6015625,48.93240552,0.322314186,0.289975804,3.287625418,20.10264332,7.514711391,63.62213475,0
142.34375,56.25658816,-0.231595511,-0.484903669,142.8269231,79.58912661,-0.78635374,-0.756673708,0
125.40625,58.12640287,0.308603264,-0.627204407,2.997491639,16.40042908,8.210744754,85.32877661,0
139.75,56.00013951,0.028863252,-0.373647232,1.392140468,12.23881259,13.10147349,209.9568599,0
109.859375,49.51321389,0.293637887,0.042604168,2.775919732,15.19180454,8.371642756,95.31786286,0
153.828125,51.80433581,0.005773627,-0.338429832,2.25,13.7303904,9.626191729,125.7347649,0
121.6015625,49.1674975,0.048081792,-0.206099809,2.14632107,15.90380242,9.241281599,100.9660481,0
22.875,29.15315163,6.528522936,45.67052231,113.9247492,80.82252341,0.096650078,-1.095059646,1
110.15625,40.98121473,0.132109491,0.480084375,2.659698997,16.12940193,8.236557585,83.68516369,0
119.8203125,51.83423603,0.377221616,-0.428275074,2.586956522,16.25589568,8.635581002,89.69154477,0
99.515625,42.74067595,0.407026793,0.980011047,4.305183946,24.55056906,6.792209429,50.47443927,0
114.7578125,47.2626878,0.307719674,0.072380009,1.83277592,12.73719946,11.20466155,166.0701919,0
132.0,55.46606508,-0.05228097,-0.610486052,0.822742475,11.20008142,16.38599613,300.1432184,0
112.171875,44.89399135,0.334717152,0.57494726,2.321070234,14.39320925,8.838911155,104.9757794,0
116.1171875,39.18498219,0.40480982,1.003768793,3.964046823,25.22572766,6.981779143,51.2940284,0
114.3125,54.75481571,0.221982621,-0.441776201,1.022575251,11.82270046,14.43284312,241.9222091,0
124.75,35.67671685,0.178534806,1.837915496,1.110367893,11.9734039,14.47125871,246.1728712,0
131.71875,45.68624956,0.259880244,0.289494267,1.169732441,11.52162952,14.28514506,250.5022378,0
140.8125,50.76027451,0.002168473,-0.235825679,2.393812709,14.38928189,9.439890043,116.9622418,0
122.578125,49.35388938,-0.34791312,-0.023765934,2.852006689,15.92900231,8.47432311,93.52650202,0
123.296875,44.24070513,0.246796639,0.820516955,0.902173913,12.92160419,16.78265432,298.6883148,0
112.609375,51.99327396,0.227919123,0.03933812,3.079431438,19.15871602,7.211543561,59.57098123,0
90.96875,34.83979798,0.589125505,2.687057128,2.75083612,17.35382692,8.804687296,92.86991092,0
101.875,37.35471858,0.539605866,1.852402772,2.314381271,17.23780633,9.501047797,101.7795636,0
104.1953125,43.84187827,0.000684543,0.271703878,1.359531773,11.03003657,14.14806512,264.4844761,0
130.5703125,50.14520846,0.05649006,-0.294696858,1.7090301,11.46474684,12.50073723,220.531023,0
145.6640625,50.22749455,-0.142951911,-0.329818808,13.27759197,41.52532611,3.156329881,9.109885459,0
105.8359375,37.81095603,0.642625792,1.982179202,1.642976589,15.9235357,10.83529863,126.6374769,0
139.8125,58.5005008,-0.092032312,-0.704313047,54.68060201,81.1739842,0.954047585,-0.862154212,0
117.734375,55.07288982,0.167983235,-0.512006727,1.618729097,12.57745702,11.33225029,170.357957,0
143.7890625,46.16794281,-0.179908686,0.315830564,1.336120401,14.51129417,12.82535645,180.0068839,0
139.7265625,56.01641986,0.12343521,-0.750111997,6.885451505,32.99069123,5.069128591,25.63596367,0
137.890625,39.32561077,0.107974094,0.846476019,9.550167224,38.45239847,4.243879349,17.56969635,0
131.9140625,50.8103132,0.066794779,0.340789604,1.404682274,13.05026729,13.34723899,209.6341804,0
99.515625,35.48414795,0.375150244,2.270477012,6.954849498,32.75189956,4.820645278,22.66752492,0
76.703125,33.28484062,0.992735111,5.348909256,8.724080268,35.68621314,4.540563066,20.64034806,0
133.2734375,52.69690972,0.152191871,-0.299685533,3.464046823,18.28242421,7.31819003,66.41779302,0
109.1640625,51.34150023,0.168365859,-0.309716972,2.762541806,15.7585397,8.905160015,100.9023955,0
111.15625,41.81365609,-0.081760445,0.876420451,2.12541806,14.42902093,10.02978652,124.9713288,0
111.6171875,46.75152422,0.380695309,0.472828155,1.296822742,12.11606454,13.89925162,233.0335255,0
90.90625,49.94644593,0.565119762,0.261256327,3.706521739,18.08212381,7.054453341,62.85930096,0
96.484375,45.56125416,0.396412872,0.283296343,7.816053512,32.08623325,4.410365663,19.79754693,0
132.6875,42.31259232,-0.030860081,0.556169467,2.036789298,12.90375944,10.63877282,155.6587081,0
102.328125,41.16223796,0.11953742,0.918116991,3.066053512,16.79145601,8.143161576,83.25699169,0
117.859375,54.76907978,0.293732491,-0.078752642,2.804347826,17.91036343,8.200372892,78.2680679,0
43.4140625,35.68515258,3.79985098,16.55377978,53.3687291,61.44005147,1.194538346,1.137621267,1
136.6484375,45.46866879,-0.029036513,-0.030122946,2.963210702,19.93342559,7.734322091,64.96623954,0
115.6484375,57.50361264,0.39861108,-0.340352463,52.78344482,69.81926568,1.024687216,-0.162768523,1
127.25,54.8327001,0.075182202,-0.56089495,4.668896321,25.92368661,5.954940013,36.83681212,0
104.078125,36.64560201,0.440784208,1.966926906,1.126254181,11.15173306,14.91566779,273.3748667,0
115.234375,40.23029105,0.284591087,1.03689603,2.795150502,16.44654897,8.373245135,86.7227995,0
76.390625,36.80421901,0.88352507,3.122740946,8.984949833,33.55719085,4.068192411,16.89347977,0
123.453125,58.2948941,0.200897897,-0.952774521,3.450668896,23.29094893,8.543936464,76.23543635,0
118.9921875,51.23833649,0.205346772,-0.248651602,2.216555184,19.05762499,9.312060185,91.10904416,0
115.0078125,49.01809234,0.04870751,-0.232283613,1.327759197,14.82956457,12.22364552,158.3888374,0
111.3125,34.41264984,0.528513179,2.228082477,2.759197324,18.74741117,8.134760746,75.58813601,0
129.71875,51.30971178,-0.174812472,-0.227910181,6.010033445,31.39957022,5.711785305,33.22284998,0
100.953125,57.15560714,0.476319694,-0.492659415,11.06856187,39.59975738,3.832602709,14.59184082,0
109.8359375,51.48722192,0.553521154,0.207537876,5.711538462,30.17293357,5.884842052,35.69751362,0
115.546875,45.9598771,0.110515359,0.558177827,2.230769231,13.35714418,10.16652944,142.32517,0
95.6953125,47.74191008,0.4113106,0.272866597,5.60451505,29.35490842,5.532263366,30.77891843,0
118.46875,52.18266258,0.160420734,-0.150358826,3.413879599,25.24091495,7.708200503,59.73388067,0
137.328125,47.83322416,-0.163863234,-0.276708858,7.7090301,35.04703889,4.889746284,24.14596331,0
128.75,50.84550742,-0.09537627,0.020132088,4.483277592,28.00278691,6.299778338,38.99483589,0
165.765625,59.37611635,-0.970908606,0.251046276,79.63545151,55.41492211,0.170070391,-0.410112093,0
105.3125,42.0592495,0.254682201,0.61599322,5.403846154,23.84758499,5.568791992,35.20187046,0
106.6796875,41.83336243,0.207672094,0.922455392,2.156354515,13.99867892,10.21213442,133.8623325,0
100.9453125,39.88054597,0.480913675,1.070047431,3.834448161,18.81215941,6.460186202,52.16197109,0
111.421875,53.7050116,-0.023204788,-0.526288879,10.66471572,42.50078251,4.019699575,15.08590363,0
139.6640625,47.97301933,-0.058233719,0.123057192,2.280936455,16.45083903,10.12838211,121.7322717,0
125.046875,46.50938403,0.32231816,0.22605201,2.233277592,14.67621319,9.501851718,114.3823151,0
129.9140625,53.24824342,-0.068363068,-0.361782239,2.942307692,17.90207054,7.903301065,73.88708445,0
115.140625,53.13819459,0.41610718,0.061520744,3.122073579,20.18870378,8.228572369,76.3766148,0
137.859375,46.79538812,-0.234422119,-0.039445848,4.265886288,25.02703301,7.029352364,54.0399895,0
117.5078125,43.2359074,0.294867032,0.753516405,2.102842809,14.32168499,10.49733262,138.5189285,0
84.2109375,37.92955072,0.552708748,2.295734651,6.783444816,31.89052805,5.097862541,26.71169239,0
108.7421875,47.58910164,0.462444242,0.245138892,17.37959866,51.98174414,2.84873868,6.628034558,0
95.90625,43.26272167,0.53370468,0.924695803,1.012541806,9.990497654,17.10596483,374.3312308,0
111.78125,45.93863732,0.334350044,-0.046480646,3.06187291,20.85283322,7.810265083,67.04038423,0
140.828125,41.95256052,-0.172810659,0.699129713,2.575250836,17.17537485,8.382567202,83.05219337,0
133.015625,60.88744539,0.05429108,-0.86378088,34.52926421,53.74548263,2.028484556,4.057065257,0
109.0390625,50.97784481,0.460842213,0.270503506,1.885451505,14.2493709,11.38114328,158.6293052,0
109.96875,51.58820382,0.452037136,-0.016146002,1.512541806,16.71057012,12.21297741,155.913504,0
112.6328125,48.36480369,0.111596657,-0.168718379,7.637123746,33.72238759,4.554693126,20.25513679,0
107.0546875,45.22656655,0.06342002,0.028704677,4.880434783,28.4434824,6.17378102,38.59059465,0
98.3984375,38.68489285,0.309009591,1.338890885,3.319397993,21.78985201,8.000014258,70.62904202,0
150.8671875,46.12624847,-0.11236904,0.135177615,3.691471572,19.23288783,7.459354529,68.72485208,0
124.75,46.21383721,0.524327128,0.458189955,5.446488294,27.55231532,5.95390453,38.38624555,0
136.140625,39.31418605,-0.096104452,0.98623425,2.72826087,17.41560358,9.057797746,98.95043702,0
116.7734375,44.646741,0.364080072,0.35184207,3.288461538,19.52640526,8.429932979,83.7565139,0
125.9921875,51.96610916,0.008912514,-0.134996936,1.868729097,14.30544691,10.97263022,148.1723,0
133.046875,51.12238064,-0.145585798,-0.325246456,1.190635452,13.38429092,13.87196488,214.7984487,0
103.0078125,45.64956464,0.616439043,0.696161157,2.054347826,13.7114759,10.59309039,145.4333334,0
137.1015625,45.41249137,-0.190334939,0.242736911,15.07525084,49.09050092,3.254107269,9.369619089,0
106.4140625,48.67037204,0.197836302,0.38714639,5.31270903,30.7827788,6.072545882,36.80187795,0
122.921875,47.55368831,0.179711026,-0.12730233,1.77173913,13.69168036,10.72375534,140.6267935,0
104.5625,46.65879305,0.35050536,0.165345961,0.473244147,9.305756832,22.81086106,559.6798641,0
120.421875,44.05156946,0.196331344,0.478980268,1.43645485,10.44975919,14.75267409,305.4167769,0
121.7734375,51.00600682,-0.039072969,-0.328987613,3.725752508,22.24243223,6.952392323,53.06158875,0
127.609375,43.88465606,0.031737865,0.133101992,2.079431438,18.02792923,9.779445572,102.568611,0
142.7734375,47.31563148,-0.250177008,0.189304009,7.439799331,32.07071338,4.76709962,22.7987271,0
136.0625,53.75112644,-0.082490616,-0.351882606,3.323578595,21.32562826,7.957967135,69.44613012,0
93.46875,47.85148533,0.493167686,0.355193848,1.408862876,12.07346056,12.39464317,197.9663243,0
111.46875,48.50015101,0.216543716,0.025492944,1.453177258,11.80500638,13.23931975,224.732005,0
133.0625,52.37332187,-0.016594904,-0.511760837,1.560200669,11.78899867,12.80977984,217.477983,0
111.4296875,43.00157766,0.170363794,0.695103185,2.148829431,19.71667012,9.788068999,98.6202991,0
116.5546875,48.70299153,0.19762525,0.23260023,3.04180602,16.6106785,8.166185101,84.84670943,0
58.21875,34.92982642,2.98209687,11.69646282,19.09949833,49.5573142,2.906033522,8.020109575,1
144.21875,44.37199594,-0.263616958,0.417014861,7.423913043,31.23570009,4.63552684,21.95018955,0
114.9609375,46.56286113,0.419055129,0.119018599,1.793478261,18.23687481,11.19442979,131.2517845,0
137.4609375,46.85648007,-0.24824019,0.067623561,4.311036789,22.26336535,6.748053193,50.74377114,0
119.1328125,61.58903249,-0.077027809,-0.885034967,7.548494983,35.2477636,4.804112477,22.3432402,0
136.1015625,44.08866065,-0.10901291,0.015481336,9.903010033,40.0258565,4.160176446,16.58034372,0
109.421875,48.97107076,0.210629193,0.171187755,1.446488294,15.32942542,12.21562225,162.7341331,0
142.53125,55.30228543,-0.142944865,-0.732178496,2.606187291,20.20686318,8.931486403,83.7381591,0
135.078125,44.87440971,-0.170292668,0.166560644,3.911371237,22.05440607,7.503931072,62.01866001,0
124.1875,71.75879193,0.012377222,-1.480987399,61.35869565,73.23212464,0.978707461,-0.10627009,0
101.2421875,91.8086279,0.29011494,-1.781888301,195.7959866,63.62401461,-1.852570168,2.544998981,0
117.125,49.12229636,0.287311656,0.150163866,3.724916388,18.52952307,7.425147914,68.57475577,0
84.8046875,42.76426271,0.737207209,1.028279665,1.005852843,12.100228,15.9737358,291.1461423,0
133.6953125,50.68708517,0.119578484,-0.290893211,2.808528428,19.00864864,8.598476621,83.56560221,0
89.7734375,45.39638182,0.824342587,1.204929602,3.273411371,23.15639705,7.671030446,61.15724161,0
123.8984375,56.99586606,0.147671505,-0.400883776,4.507525084,24.41935968,7.008170866,54.56412149,0
118.015625,53.88065289,0.090913236,-0.371239336,2.321906355,14.81166793,9.717557382,117.4989853,0
11.6328125,37.45911753,5.060153096,26.19057963,122.166388,66.89629003,0.33312696,-1.013427842,1
114.4609375,45.39512335,0.378695764,0.546649754,3.054347826,22.73652101,8.107039582,68.25841353,0
120.4140625,53.60642559,0.144249573,-0.422756088,3.788461538,24.80606182,7.377349067,56.6841481,0
88.453125,36.45735081,0.503574794,2.293390778,3.183110368,22.09168526,7.470396264,58.54365829,0
102.96875,45.94203847,0.329457751,0.458322846,3.800167224,24.31316103,7.274373315,56.93313556,0
70.125,37.18324556,2.219011921,7.845536994,62.51254181,74.01761751,0.96856241,-0.1788026,1
114.578125,47.36734921,0.581882038,0.557964362,1.748327759,13.70933472,10.88964107,145.212272,0
117.875,45.83581433,0.266218919,0.390314069,2.308528428,15.61271331,9.613916158,113.0544572,0
147.1640625,54.89148063,-0.223358067,-0.360891567,2.039297659,16.99983162,10.62605183,127.6388395,0
115.171875,55.6078779,0.094166154,-0.431832868,3.504180602,23.10328306,7.103304304,52.41635794,0
127.3359375,57.13652473,0.075524422,-1.016124218,18.79765886,46.8490338,2.809392848,7.741612114,0
129.609375,45.48733244,0.020738343,-0.220739869,3.433946488,25.07796841,7.600853885,58.15978161,0
99.1015625,39.73738791,0.584018176,1.526071034,2.837792642,17.63572622,8.82301218,91.82589998,0
139.765625,54.44427833,-0.28414511,-0.057238775,33.52842809,73.82036654,1.907728637,1.910371429,0
115.46875,51.97399252,0.293610071,-0.131551398,2.678093645,17.43653245,9.084915216,98.10160801,0
82.546875,38.85788598,0.685181265,1.843303665,2.456521739,16.61890216,9.019758569,95.72392251,0
102.8359375,44.58660417,0.653969379,1.447578742,2.494147157,19.712587,9.235309883,92.93028039,0
102.078125,43.70347694,0.374060906,0.289939472,2.891304348,18.89147561,7.841189509,68.95017177,0
139.5,45.74812155,-0.23761915,0.193176351,1.975752508,13.85490679,10.04528681,129.079384,0
131.15625,52.73377083,0.024067971,-0.188923059,1.622073579,16.11287467,10.61823308,119.3827048,0
116.1328125,45.86791006,0.263537322,0.470200519,1.824414716,12.28388859,11.69513033,186.8785041,0
113.125,42.5422584,0.201745788,0.483429766,2.27090301,15.59452318,9.663599783,111.0802507,0
116.53125,38.06571979,0.501503203,1.205993442,9.758361204,39.00035553,4.294867592,18.02600874,0
111.25,46.4058186,0.410247884,0.243017424,2.801003344,16.93753621,8.487920051,87.26365833,0
128.484375,37.58199045,0.204475704,1.143396686,1.62541806,12.29134165,11.43579795,177.6853559,0
106.1796875,48.58697639,0.057189523,-0.142287063,1.576086957,12.38296638,11.7559775,181.7040633,0
79.203125,32.77202489,0.912923799,5.06185781,2.531772575,15.40690548,8.473519373,92.84614224,0
113.515625,54.1838572,0.084458254,-0.796265936,139.6438127,52.65910962,-0.71488976,1.435969738,0
44.75,31.05816117,3.718064591,21.05271045,33.50334448,72.95280113,1.953728307,2.186839132,1
120.2109375,55.9534757,0.068897147,-0.374926595,3.022575251,22.26967565,8.019737832,66.87892025,0
106.0625,48.91219013,0.385463011,0.20427132,6.168896321,29.58794333,5.536053755,32.555276,0
118.4765625,41.33815672,0.029878079,0.916577136,1.350334448,11.22885266,13.76467399,249.479624,0
145.453125,52.15988931,-0.105379235,-0.254707355,0.68729097,10.58344162,17.95029688,359.13561,0
124.59375,53.85214676,-0.060876416,-0.088635189,6.336956522,27.19195371,5.267369362,30.65417732,0
45.84375,47.77051874,2.407526193,6.020923898,62.85869565,66.70786358,0.65555651,-0.486788474,0
19.7890625,31.06385871,5.789227339,35.5201054,58.11371237,66.80839507,1.000054803,0.153420153,1
124.3203125,50.8828209,-0.150148599,-0.033531057,2.110367893,17.25297297,9.425758424,98.38532421,0
113.8515625,47.07757724,0.14332815,-0.050858481,3.184782609,18.57647492,7.441731249,64.2486025,0
107.8984375,40.19538994,0.257418527,0.594479862,2.322742475,16.47780055,9.158020984,98.04498483,0
88.7734375,49.28460314,0.46637406,0.403507048,5.519230769,27.70639419,5.38636927,29.91382806,0
118.6796875,45.48436091,0.374185335,0.439615672,1.35451505,15.75188277,13.10919521,182.1115907,0
124.578125,49.33330666,0.027263688,-0.211019738,3.774247492,23.56033752,7.123160051,53.59417006,0
96.171875,36.40915694,0.234191356,2.025831656,2.806856187,14.9904759,7.879364082,86.97075873,0
137.9921875,55.69328619,-0.108888141,-0.420054705,2.243311037,19.23038888,9.238310749,89.54596719,0
120.8671875,39.12926716,0.068661106,1.005907696,2.090301003,13.25559917,10.76040531,152.7821604,0
85.1875,40.88603635,1.534340703,3.798910059,39.59531773,73.61768576,1.680544669,1.297380307,1
108.0390625,34.91024257,0.321156562,1.821631493,3.899665552,23.72205203,7.506209958,60.88691267,0
135.9140625,59.19895313,-0.096249071,-0.62201772,16.49916388,58.97863254,3.304509249,8.957945444,0
115.4765625,52.09815928,0.178114813,-0.126893067,2.234949833,15.76178699,10.00420737,121.1246207,0
103.375,43.96767278,0.135380832,0.15841688,2.056020067,12.90773946,10.71779763,157.1482408,0
143.78125,44.78942703,-0.374367801,0.945022725,2.340301003,13.5043811,9.059749141,120.6133108,0
154.671875,40.22244969,-0.317987365,0.851056564,1.93729097,15.45784798,9.644130269,108.2741706,0
37.484375,42.82358148,3.227628728,11.1104865,1.466555184,13.5652043,13.28380171,198.4579322,1
111.0234375,42.8149114,0.624413982,0.784598204,1.427257525,16.44446089,12.32275869,157.4194169,0
135.1640625,50.8525407,-0.016696439,-0.065704606,6.810200669,29.7912177,4.928023655,25.83941433,0
127.0703125,36.16675433,0.155119603,1.848981136,3.015886288,17.12575702,7.908003741,77.07198174,0
98.265625,42.00325218,0.27334086,0.560430702,1.444816054,13.05222843,12.00455211,177.0910853,0
106.09375,47.63179701,0.128193801,-0.168129111,3.588628763,17.74978462,6.852966203,59.57026112,0
123.3984375,48.63613944,0.338909488,0.021591875,3.397157191,23.55610165,8.637459753,77.83613063,0
37.203125,30.99152086,4.897519937,27.49620967,102.3795987,78.80374241,0.226568015,-1.002375994,1
100.3046875,55.23013763,0.496756435,0.016976931,44.68311037,76.1226836,1.388870408,0.318010224,0
122.0546875,34.44794728,0.294296761,2.047170138,1.211538462,13.74892762,13.47993008,199.5474215,0
124.765625,48.04481703,0.088195569,-0.220829344,3.858695652,18.29663418,6.484498316,53.26879663,0
142.1015625,60.2761665,0.039061062,-0.746910683,2.602006689,18.90356966,9.415645209,98.24030161,0
82.4921875,43.58540397,0.780694281,1.436948617,1.056856187,9.730659309,17.60390076,405.6004042,0
110.4453125,57.88266804,0.126798257,-0.747703976,2.072742475,15.73417003,9.862570025,111.5193689,0
92.6484375,47.56567661,0.720715132,0.776395866,1.883779264,15.30538753,10.81342962,139.3109049,0
131.9609375,51.54494434,-0.163843384,0.040321643,2.584448161,14.89238068,8.616668011,98.92470325,0
125.9453125,42.88708077,-0.159215657,0.244799748,2.243311037,15.50105716,10.5803498,134.7545417,0
110.1796875,50.86462327,0.480249282,-0.024075919,2.556856187,18.18065084,8.79132457,87.53265385,0
118.40625,50.46416388,0.294198502,-0.012512598,1.094481605,14.22690946,14.2575883,215.7212009,0
134.0859375,52.35919024,-0.100770215,-0.347488066,8.252508361,37.01079729,4.707483838,21.85365234,0
79.390625,42.81340955,1.145118177,2.686750256,1.219063545,14.89956918,13.82027085,202.644499,0
125.515625,48.65342748,-0.056604408,-0.298337195,1.677257525,14.77148742,10.81207083,133.5237167,0
128.421875,50.56610917,-0.085698806,-0.252021987,2.704849498,15.03220656,8.953818996,105.1793952,0
138.90625,57.12519659,0.097387983,-0.606758686,2.769230769,16.44562104,8.264412891,82.90553636,0
123.9375,46.25620735,0.233668745,0.159343248,6.107023411,27.7142958,5.115677852,27.47531749,0
133.2734375,56.29452611,-0.193960075,-0.894975617,80.82943144,78.07241517,0.45036601,-1.181470262,0
103.9921875,47.41563167,0.267612084,-0.146712589,1.983277592,13.3659474,10.30719954,140.138186,0
128.3828125,51.12929705,-0.09554035,-0.192755711,22.01170569,59.72468773,2.550922925,4.987446703,0
112.0078125,55.61003957,0.365664673,-0.188354737,1.818561873,12.89939292,11.08575487,163.404206,0
113.0,41.70075689,0.391266771,1.166484273,3.91722408,25.56715868,7.051001708,50.80468299,0
91.5625,38.0334454,0.544725811,1.521927749,0.553511706,8.388835113,24.83546654,715.8048366,0
135.921875,49.46646739,-0.146045492,-0.262287342,3.155518395,19.03379044,7.798379305,70.10828574,0
113.6875,45.32689427,0.038519924,0.40002315,7.227424749,31.43028784,4.642781784,21.80403398,0
85.2265625,42.97750408,0.707751499,1.128155116,1.821906355,13.06016007,10.6821225,150.4774788,0
108.734375,54.75863008,0.305682781,-0.298932159,127.0618729,93.51516707,-0.526595926,-1.566935979,0
142.5859375,43.70292599,0.011410831,0.456867763,4.236622074,20.41373963,5.864725523,40.0324186,0
129.6328125,48.16230228,0.173110124,0.273624362,2.340301003,16.0358737,9.011031626,96.11277518,0
126.796875,52.10526595,-0.074379983,-0.40247179,3.339464883,19.443172,7.390935032,64.06539948,0
104.4765625,47.98159882,0.353676271,0.206041969,2.317725753,18.24836237,8.663603402,80.36671865,0
100.0078125,48.96499006,0.561681998,0.435791726,4.325250836,27.21195263,7.531743085,58.64533892,0
108.1484375,50.17937977,0.396954585,0.103309262,3.241638796,24.79004086,8.215359881,69.41233217,0
80.109375,40.66809913,0.898183769,1.788926855,6.280936455,30.8448161,5.229245371,27.46113518,0
144.2734375,41.70707277,-0.259509928,0.719769332,1.680602007,14.3641133,10.65774494,134.1391106,0
120.359375,52.75144168,0.147190601,-0.289635994,1.891304348,13.88985186,11.40336261,163.6346958,0
96.5625,34.9282188,0.296790871,2.598094862,1.840301003,15.58380348,10.32172327,119.280456,0
118.6640625,46.76174273,0.256989404,0.352747379,2.860367893,21.9792712,8.496340971,75.07990899,0
133.3515625,44.82807258,-0.184302656,0.810390301,51.33528428,82.36833291,0.99536374,-0.974795912,0
88.4375,37.81177685,0.689215581,2.035293755,2.415551839,18.02795281,8.828613361,86.79989428,1
119.953125,51.70512235,-0.019278653,-0.120073676,1.217391304,13.706658,13.25274438,192.7401029,0
97.21875,43.08130712,0.473588709,0.725724776,1.484113712,14.8729485,12.61022433,175.1765767,0
71.5,54.94741805,1.771012709,2.65133641,33.94899666,65.00634063,1.865206671,2.211822965,1
112.8671875,46.62941854,-0.02313142,0.112400221,3.340301003,24.6568167,7.579057689,57.42812101,0
121.1953125,51.80689182,0.335343102,0.080414818,6.217391304,28.64182394,5.648691522,35.07835956,0
134.078125,52.75497746,-0.071000896,-0.346477398,7.941471572,35.86060787,5.121590764,26.13000643,0
139.59375,53.64618426,-0.009519426,-0.229268177,9.869565217,36.80189272,3.930026078,14.76878193,0
141.578125,47.70524889,-0.010606214,0.088807173,1.64548495,14.20330422,12.02110257,175.1734515,0
130.53125,44.03530854,0.129803821,0.287191721,3.122909699,17.67523191,8.459971928,88.01057001,0
117.1015625,47.3403303,0.235661697,0.147480162,2.690635452,16.00646648,7.696650643,76.5982697,0
130.75,51.43184203,0.041032381,-0.378399079,2.114548495,17.88324515,9.747461886,102.9562867,0
109.3515625,53.94160469,0.257401847,-0.273153528,1.635451505,13.82689979,12.1519377,173.7341919,0
127.2890625,49.84603676,0.024368056,-0.315295506,3.773411371,18.70447862,6.539690111,52.38842864,0
135.2109375,61.27112548,-0.285003623,-1.087748183,52.66053512,85.975536,1.214491704,-0.243286194,0
97.1640625,36.96234937,0.610089104,1.770044517,4.442307692,22.13316756,5.774079997,37.8381206,0
125.4375,55.18332374,0.016503739,-0.510120963,2.026755853,16.52349963,9.749287863,106.1926626,0
19.4140625,36.90306715,4.574662379,22.17394704,16.5777592,40.84932105,3.139949017,10.35582939,1
145.2890625,41.89069712,-0.378395616,0.632372482,115.6730769,74.67938815,-0.847126765,-1.147491376,0
130.3125,46.65929536,-0.017891325,0.209152671,3.281772575,17.04827992,7.178018704,66.14317567,0
120.171875,52.99972131,0.375089317,-0.095460353,3.091137124,19.94576815,8.940039121,88.27002753,0
116.1171875,49.98321923,0.088895868,-0.037392548,2.388795987,20.25688309,9.384315201,93.54150264,0
117.2421875,44.90576002,0.187123115,0.250450726,1.759197324,12.03237859,12.14303861,198.909211,0
29.3828125,38.10821784,3.81110819,15.34556068,129.8971572,66.80172298,0.270565421,-1.02175703,1
80.5234375,54.07618538,1.390950312,1.282291873,66.31187291,77.54995516,0.870147339,-0.478375944,1
103.078125,45.89400311,0.295306132,0.397702335,4.193143813,20.08411209,6.484209929,50.29477974,0
111.515625,38.58816698,0.261582144,1.251316391,2.06270903,19.30451056,10.58818139,118.0790442,0
84.8203125,40.78304519,0.685524661,1.521941752,1.304347826,14.47784657,13.66538977,203.0317166,0
118.3125,52.41119722,0.048350002,-0.502645504,15.159699,43.1380542,2.912674529,7.865558388,0
82.453125,37.06030967,0.664891585,2.651056225,3.967391304,21.81703578,6.282390593,44.14187136,0
83.609375,40.79430766,1.365320986,3.948257889,7.52173913,35.0621812,4.950769253,24.19595567,1
105.09375,50.12802944,0.066827853,-0.084136727,1.525083612,14.94354615,12.19689233,167.3618093,0
117.6015625,49.46326602,0.147489009,-0.220296928,79.7826087,83.39624899,0.122399373,-1.907993452,0
87.2421875,38.58771382,0.561931793,1.843568379,3.102842809,19.876297,7.452943287,61.92557628,0
56.953125,37.8190303,2.422605142,9.274625264,10.1764214,40.89581934,4.167668679,16.68677254,0
98.515625,51.23719114,0.635449185,0.703505302,2.153010033,15.53900581,9.765562005,115.8862516,0
110.6640625,43.05561036,0.064254158,0.519678144,22.95401338,58.57772522,2.325276941,3.811033029,0
118.765625,49.55102868,-0.052188209,-0.356135118,1.571906355,11.97303325,12.36337002,203.0880313,0
103.984375,38.28939645,0.524741212,1.369391219,2.441471572,17.72935945,10.55457197,128.4238875,0
127.640625,54.77250313,0.084292774,-0.320200676,3.100334448,18.37431226,7.939048476,74.13892428,0
97.515625,41.04589359,0.255559988,0.793262123,2.16638796,14.11259929,10.01558154,130.5370071,0
138.6796875,50.06947261,-0.172660021,0.150376599,1.434782609,15.69419063,12.06878675,153.2354199,0
114.546875,46.94492441,0.186550572,0.290367586,2.028428094,14.37002156,9.528376051,115.7652237,0
127.8984375,47.61496611,-0.045897788,-0.28649623,10.86538462,42.53589205,4.079246287,15.87417464,0
37.5234375,31.26498762,4.430806169,24.5163329,25.83444816,53.41659035,2.653111339,7.022520014,1
109.1875,47.48679915,0.056974843,-0.140365752,1.498327759,14.40413462,12.37075538,169.7880231,0
100.3515625,50.18459516,0.35117145,0.20171039,1.179765886,12.74710113,13.34828343,205.7338682,0
124.75,46.15446214,0.179258463,0.321431953,5.036789298,23.79480251,5.832529474,37.79577454,0
128.921875,51.94447296,-0.061933493,-0.402682838,2.661371237,18.63986843,9.504496728,100.1467373,0
105.703125,42.14435004,0.143993043,0.5058978,0.581939799,10.61979638,19.65941814,405.6895913,0
135.828125,47.23976565,-0.061783645,-0.305729848,5.590301003,28.63758738,5.724970022,34.24100931,0
126.890625,54.59069781,0.003680461,-0.274938662,4.235785953,24.84994277,7.09898352,54.34457468,0
121.0078125,52.27324484,0.074385316,-0.170913937,3.026755853,17.79554884,7.595710221,69.59905286,0
124.171875,46.01598047,0.060274411,-0.146268783,5.881270903,32.32890571,5.540142343,29.90623931,0
89.0078125,38.4127453,0.51696465,1.694450979,2.840301003,15.98961038,8.096201328,83.67046485,0
114.0234375,50.52930227,0.314238606,-0.182575134,2.390468227,16.86164066,9.253446727,101.2193788,0
127.1171875,54.7677798,0.051166447,-0.380875584,2.274247492,14.76250241,9.857902205,121.9379806,0
85.015625,47.24586364,1.387549434,2.041649755,53.24749164,71.89373861,0.890792872,-0.742236199,1
128.59375,50.56685511,-0.024447203,-0.255722975,2.266722408,15.29115193,10.11359677,123.336058,0
121.765625,55.67897443,-0.081685994,-0.528603896,12.14882943,40.80393519,3.444348735,11.16470595,0
136.0390625,50.06283588,-0.104641323,-0.417035949,86.87625418,82.48997956,-0.066126555,-1.911116548,0
116.6015625,50.53098366,0.293292064,-0.220492708,2.325250836,16.82311272,8.660080906,85.09354144,0
108.4765625,44.71104534,0.335316167,0.692126155,3.076923077,20.69941194,8.062798065,71.57109965,0
117.3984375,46.60293376,0.269917496,-0.048566182,2.097826087,14.15553694,9.309739546,113.2311067,0
111.109375,44.41041446,0.318508843,0.196204229,3.235785953,17.65276155,7.536696584,70.52302596,0
115.8671875,51.4738057,0.267240714,-0.041933829,2.337792642,16.32061533,9.143229389,98.37669958,0
127.75,42.94982538,0.263881221,0.456432033,2.927257525,18.31201772,7.994835952,73.08050478,0
125.3203125,55.91203102,0.174962397,-0.438209802,5.54180602,30.05278118,5.724635874,32.87357994,0
140.46875,51.74032783,-0.116063931,-0.279004387,5.005852843,29.42482285,6.495050864,43.50545491,0
23.6484375,33.73786584,5.600685729,32.52986595,113.743311,71.96415517,0.187530741,-0.65888801,1
102.484375,46.03785541,0.30750386,-0.049646525,1.068561873,13.69710495,13.89312179,204.8610233,0
131.6328125,52.85236973,0.001195554,-0.240526462,3.77090301,18.5952584,7.149835304,63.87778606,0
118.9140625,56.14226173,0.069999984,-0.761116776,43.07692308,81.73403377,1.494548956,0.450836078,0
86.875,39.58140346,0.599407553,1.391232578,7.5,32.53345333,4.704492413,22.24927852,0
111.1796875,53.80613836,0.418491929,-0.237662397,2.709866221,16.54315133,10.11483731,123.1427552,0
140.5,54.35789961,-0.098016666,-0.457291857,150.6379599,44.72814797,-0.960711673,2.555956871,0
33.9140625,36.06895032,4.643580714,23.49087056,57.13043478,69.03956292,1.317854382,0.817816318,1
122.546875,51.4401745,0.301560145,0.098437577,2.22909699,18.34013517,9.886598292,107.7075224,0
120.8515625,47.15650304,0.015078245,0.366481358,1.201505017,11.7521946,14.14601688,241.9478878,0
135.5703125,47.05045224,-0.057514716,-0.071906081,2.33277592,17.21430812,9.264494995,101.6786047,0
108.5,44.78821692,0.28474287,0.057237991,45.56020067,62.1298717,1.173110491,0.141468038,0
128.921875,47.81762381,-0.067437794,0.095442447,1.530936455,15.4963545,12.25634806,167.0742339,0
83.2578125,48.88063364,1.321662217,1.743422173,140.7851171,98.3217441,-0.485333348,-1.41416531,1
123.671875,43.21713155,-0.406369787,0.439832724,8.68645485,36.7554676,4.399807466,18.90962502,0
147.109375,40.4884695,0.054002071,0.923739463,2.948160535,14.95642461,9.165815041,116.2996206,0
107.34375,49.38266357,0.270491314,-0.011700292,5.205685619,25.19929595,5.738398688,35.87435188,0
11.6328125,30.55166503,6.255561501,40.839036,55.10284281,69.24592855,1.000682016,0.007548225,1
49.015625,43.05428702,3.142801966,10.5891811,12.48996656,41.17180822,3.778334085,14.25652381,1
117.6796875,47.45704202,0.214801403,-0.13550329,2.731605351,21.99328807,8.401668908,71.5876406,0
121.1953125,43.98189588,-0.157884567,0.254012473,3.637123746,24.00568689,7.24336021,55.07156562,0
90.1796875,48.49217617,0.416768258,0.169696614,2.317725753,16.75560267,9.021540938,92.89786054,0
91.2265625,55.54210324,0.968755097,0.771035522,35.8235786,69.81180971,1.833787993,2.043154924,1
66.4609375,33.33234689,1.350135352,6.575053453,1.7909699,12.28704019,11.37866393,178.338734,0
117.609375,44.74393017,0.060455944,0.159091157,3.102842809,21.18204954,8.57774107,80.72721694,0
109.4296875,44.49678422,0.435213196,0.692731713,0.744983278,11.15358049,17.77306875,346.4146934,0
96.0703125,74.56008311,0.703671126,-0.96008249,10.63461538,35.09606176,3.711222329,14.28225887,1
128.203125,45.78829671,-0.043484289,0.275051476,3.204849498,19.01805189,7.594746973,66.45530188,0
10.8046875,38.62501185,5.320629228,27.79885549,115.0877926,67.63569157,0.271929916,-1.058554569,1
130.5,48.99776781,-0.081944534,-0.158658453,2.982441472,19.13712687,8.395165424,79.59479177,0
106.84375,41.6078113,0.393022617,1.154649341,1.483277592,15.41425375,11.95950342,153.7857247,0
109.703125,54.1853531,0.108764734,-0.480512277,4.131270903,22.13640426,7.147827477,56.81500484,0
99.109375,45.62195784,0.222115922,0.387842018,2.29264214,18.92812437,8.849060144,82.40908363,0
114.890625,53.70641174,0.196139967,-0.302252918,2.02006689,12.88466715,10.30758324,149.1814944,0
88.3828125,39.69810313,0.605808524,1.551891228,2.587792642,18.8068821,8.501898124,78.43766674,0
117.0859375,56.77780532,0.116385176,-0.687688373,27.71655518,54.83638565,2.031590564,3.197074818,0
162.2578125,49.43828952,-0.499530924,0.287712078,6.93645485,32.83267056,5.173693053,27.19749669,0
119.609375,46.24345129,-0.148125207,-0.114140774,5.193979933,25.49317891,5.326187315,29.96344071,0
126.3359375,49.67287951,-0.009496282,0.007361578,2.464882943,17.92700559,9.156599084,96.73590514,0
139.2578125,54.93522408,-0.159079585,-0.441420569,5.724080268,27.05047534,5.38043898,31.01853552,0
124.7265625,43.6756001,0.141068715,0.092355621,2.471571906,19.28539472,9.054569867,88.13229801,0
126.1640625,53.82868911,0.082883472,-0.39652676,2.58277592,21.23465027,9.199609338,89.62196201,0
126.046875,50.90936483,-0.139294973,-0.170852942,7.939799331,36.95015699,4.702129693,21.10061668,0
127.703125,44.7088427,0.397614543,0.689477806,4.035117057,23.32177355,6.436587512,44.26356651,0
124.2734375,53.45306277,0.047930857,-0.524675873,3.225752508,15.25576394,7.415103766,80.4106852,0
97.1953125,46.09925748,0.45723275,0.778269372,4.565217391,21.86305647,6.092642528,43.5169649,0
115.6796875,53.76946357,0.139859094,-0.367693104,79.16471572,78.32047913,0.012525377,-1.923058507,0
107.6484375,39.54064164,0.343013313,1.036628952,1.244147157,13.31420863,13.17366948,194.9118453,0
63.9453125,35.38610881,2.679737056,11.0443603,60.77508361,74.20072714,0.878393345,-0.431599372,1
103.640625,48.02680475,0.482874081,0.768882512,3.101170569,16.49979118,7.78995805,80.1112021,0
111.140625,45.57578414,0.326352712,-0.035529827,1.963210702,14.12712177,10.87615208,144.3272962,0
94.8828125,47.05874339,0.774309942,0.734361899,3.461538462,22.75217713,8.654155685,79.66744232,0
90.8984375,33.0961761,0.741784997,3.722913751,1.176421405,11.93263474,13.62366344,225.2749199,0
76.4765625,36.02363912,0.915062739,3.257245601,1.213210702,13.84398953,13.37293978,193.8749111,0
116.828125,55.87305776,0.089774342,-0.487272722,2.506688963,17.15254563,8.601843033,89.32939504,0
97.8515625,40.72431895,0.545522272,1.151478349,2.72993311,17.05405944,8.284555671,83.06011627,0
116.53125,51.21949359,0.383035201,0.006439029,4.105351171,21.90086218,6.774061702,51.13801818,0
78.375,44.91554575,1.571888685,3.038829789,16.47575251,49.78178382,3.229605592,9.804832999,1
147.2890625,46.96261018,-0.138678325,0.046161536,10.34615385,41.19115538,3.949408484,14.39234512,0
131.15625,48.78627457,0.125523561,-0.110626991,2.193979933,18.79948313,10.00919941,106.2928421,0
136.5,50.22729587,0.025665142,-0.184648577,3.838628763,22.38530513,7.320364523,59.91720072,0
133.75,51.01087507,-0.169757203,-0.18065522,20.17140468,55.13984852,2.586884737,5.279793594,0
103.359375,44.5715251,0.365020432,0.728722249,2.411371237,16.44123022,9.454839549,106.5664333,0
108.1796875,52.72547321,0.429204284,0.081977632,1.501672241,11.36558043,12.84814183,229.9192067,0
98.375,35.61249781,0.466003201,2.506066216,1.029264214,12.67829287,14.42875989,228.951895,0
110.65625,43.02060507,0.599170625,0.847204915,3.463210702,19.41703432,6.650884176,50.92650813,0
101.6484375,45.98294348,0.323167778,-0.046666075,1.741638796,11.75122446,12.71977834,218.881891,0
109.34375,47.02765767,0.473124566,0.368740402,2.698996656,21.25056833,8.130058405,67.18602103,0
117.65625,49.25229016,0.199579111,-0.077758916,2.651337793,21.43457823,8.489175974,73.35888862,0
82.6796875,37.76674579,0.699401979,2.305708559,1.464046823,12.79787079,12.4368456,185.31126,0
102.3203125,45.57410408,0.321909203,0.379147593,4.402173913,22.54014543,6.377098143,47.25639647,0
38.578125,49.80612559,3.425779498,10.73943582,115.3687291,80.90212712,0.001685044,-1.125589807,1
119.8828125,58.53439442,0.047937672,-0.631225444,1.87541806,13.94010232,12.46569821,183.7278844,0
142.78125,48.55343987,-0.196311243,0.430258149,2.915551839,17.19751651,8.139938581,81.51344335,0
137.34375,52.05082214,-0.400641351,-0.119313798,105.9891304,91.67211483,0.003882357,-1.64809744,0
125.734375,52.65772207,0.026516673,-0.429632907,4.850334448,29.93619483,6.361837308,40.25501275,0
106.4375,45.80149936,0.78472654,0.713738061,84.9590301,85.23374801,0.248217511,-1.607778346,0
115.5078125,48.40228496,0.233385728,-0.040901528,2.215719064,13.25200636,9.803138002,135.1139218,0
108.765625,40.42015362,0.559078083,1.217888147,4.113712375,22.02769872,6.98624433,56.17693198,0
64.4765625,47.96091587,2.43251329,6.268466638,55.11705686,78.71689256,1.095747702,-0.249699465,1
122.203125,43.72559308,0.058498931,0.350248208,2.022575251,12.41554717,10.75781225,166.5966522,0
107.3984375,48.14923738,0.260241011,0.21431017,2.539297659,14.88436906,8.976076503,106.0545403,0
130.9453125,50.72263865,-0.279412128,-0.05548538,2.335284281,15.39834914,9.035685371,101.1610816,0
126.9375,51.27693652,0.11169482,-0.398295625,115.2040134,89.78492613,-0.287450579,-1.591701718,0
102.109375,32.66932678,0.462398517,3.020935815,1.93645485,18.01112557,10.75127639,122.8867155,0
137.890625,58.06505435,-0.02372694,-0.481092949,4.183110368,26.17964211,6.630961,44.64092446,0
100.9375,40.48953376,0.326682865,0.925143271,2.390468227,15.96360439,9.079509673,101.2107341,0
84.71875,37.58738516,0.677771736,2.463176133,1.755852843,11.26210642,12.35677987,227.3652703,0
113.9375,48.67955648,0.35390315,0.194168183,2.280936455,16.99393964,9.557192625,103.5811994,0
108.2734375,51.94388722,0.111089113,-0.300737034,5.030936455,26.97911764,6.194651761,40.01960535,0
104.84375,39.14505027,0.445271451,1.520096415,1.801839465,16.37780423,10.35630567,117.6674448,0
95.296875,45.59628538,0.529993376,0.283853331,2.468227425,15.84598196,9.506255399,113.4927023,0
101.7421875,44.63694625,0.310741618,0.591603244,2.793478261,18.11386295,8.842716534,89.84566388,0
118.1484375,52.85742761,0.002940178,-0.208373619,2.49916388,20.74347621,9.529230269,95.99908541,0
118.0625,42.71686399,0.529768674,0.69768374,1.787625418,13.80938247,10.61916168,138.8570442,0
114.625,55.15447058,0.262474363,-0.263087511,2.202341137,15.39016086,10.10802641,125.8881771,0
153.0078125,53.807309,-0.34209203,-0.540625683,51.95234114,66.94529467,0.920024595,-0.489310879,0
138.28125,51.35673908,-0.259409179,-0.245881425,3.095317726,16.63641123,7.771158504,76.80054064,0
125.0390625,50.35039758,0.075617166,-0.393941664,2.952341137,15.5861583,7.673186139,80.20223763,0
155.4609375,39.42950639,-0.149431762,1.119860664,1.549331104,11.818658,13.03003775,224.6866984,0
43.6015625,35.22546572,4.110300953,20.05993849,33.63712375,58.70807058,1.96021624,3.241681938,1
125.25,49.89473294,-0.221754692,0.00141861,1.989966555,11.9090716,11.19431748,186.7045388,0
125.6328125,50.33231304,0.052457624,-0.266813252,2.835284281,16.62528575,8.271203411,83.82195871,0
99.859375,47.63922596,0.527503726,0.292515706,2.461538462,16.04147089,8.942969299,96.32506088,0
82.625,39.30092238,1.321354234,3.999130129,69.44314381,88.38393526,0.683949628,-1.264640971,1
89.4921875,41.85559179,0.595061216,1.391204374,1.637123746,13.41299574,11.69029564,166.1782413,0
119.921875,52.96706072,0.351764682,-0.249491312,1.801003344,13.93458915,10.90804338,147.4031535,0
85.7109375,45.40480294,1.2201989,1.609737062,112.1655518,91.14366816,-0.194801973,-1.707559255,0
147.828125,40.67710301,-0.22741853,0.680690135,1.959866221,13.06819243,10.1620848,142.8180517,0
137.859375,53.02015159,-0.046149713,-0.162929567,1.559364548,14.67703554,11.29427267,142.81712,0
59.4375,38.90166891,2.506676838,9.072247763,30.69230769,61.68628671,2.06924093,3.363576455,1
122.9375,46.2660023,0.248987359,0.388595992,2.081939799,13.23785396,10.33733317,143.2728642,0
34.640625,34.89823025,3.799228584,16.54454213,88.93394649,65.976393,0.23714692,-0.338388229,1
135.7421875,50.9273757,-0.206425402,-0.461240093,2.120401338,16.12484379,10.44389712,125.0277539,0
139.0703125,63.8723316,-0.250373611,-0.976845205,2.221571906,13.10500056,10.08730728,142.4880393,0
116.8359375,50.59362876,0.141058894,-0.015071932,17.86705686,51.63691627,2.796241405,6.411891035,0
126.15625,54.97221422,-0.017560934,-0.368482365,3.405518395,19.31079038,7.553695503,66.63340206,0
83.796875,47.155885,1.018197305,1.775732068,4.015886288,25.98154571,6.826006627,47.3489791,0
124.296875,45.28147375,0.283520362,0.311685894,3.651337793,22.33313464,7.399690997,60.45126719,0
134.4453125,44.86260424,-0.091278495,0.635069326,2.765886288,17.87288936,8.432961399,81.61132823,0
109.3671875,49.82671082,0.339516464,-0.170437539,7.212374582,31.79696322,5.106566865,26.83828935,0
88.8359375,35.58677277,0.594958494,2.543958533,2.282608696,13.72430644,9.341568519,120.7629239,0
108.625,51.40738031,0.315364051,-0.032141509,0.927257525,9.765934214,18.76815427,428.0118979,0
17.609375,34.98241397,5.321979376,28.90308754,121.9356187,74.67762401,-0.116297921,-1.019275226,1
118.3984375,52.33938823,0.051880969,-0.474842531,3.033444816,19.98499986,7.762724934,68.5695231,0
140.171875,52.45431187,-0.06246272,-0.324978052,3.410535117,21.65253558,7.713617383,65.18627856,0
133.703125,59.4081959,-0.043122941,-0.648617371,2.489966555,18.54383038,9.375479552,97.82009565,0
81.765625,38.72266866,0.649972887,2.058924398,2.682274247,15.52167716,8.576074537,94.89437757,0
113.25,43.1702661,0.279547569,0.56035142,1.335284281,12.28584276,12.63671477,197.2473967,0
122.2578125,72.08883908,0.072019044,-1.098034967,61.47575251,77.03253828,1.066106754,-0.125593374,0
101.8125,42.85089519,0.081761178,0.6357473,2.293478261,14.41402806,9.500234769,116.9889635,0
86.875,41.70469098,0.658251376,1.496190042,1.163879599,12.85882567,13.71096062,213.426502,0
120.6640625,44.94185086,0.167358695,0.118957145,1.489966555,16.27093145,12.27499814,160.6961881,0
141.1328125,49.27781117,0.033004919,-0.246759638,1.764214047,14.04250322,10.44301599,134.2599111,0
144.40625,48.77538402,-0.190586167,-0.036821074,2.47909699,14.25005068,9.143149012,113.9568734,0
121.90625,34.35645807,0.11714613,1.8387296,4.64548495,23.30795158,6.170611116,42.91179138,0
82.3828125,42.33628783,0.482277736,0.898147488,1.894648829,18.53931747,10.15296254,105.5871859,0
109.7265625,49.28721862,0.283258116,-0.070688971,5.842809365,29.18632405,6.087480284,38.80431079,0
128.5,41.83468208,0.091449898,0.47884591,1.557692308,12.77189311,11.68162618,172.6710548,0
130.578125,40.95588507,0.178511652,0.390125009,2.886287625,19.64446817,7.555017986,61.96948366,0
142.4296875,45.09273147,-0.261918491,0.444219425,2.176421405,13.97961294,10.13823761,133.134624,0
131.5703125,56.22008699,-0.110206811,-0.34115482,8.335284281,34.23117053,4.827363349,23.84873703,0
139.8984375,48.22146822,-0.166173659,0.069518046,2.482441472,18.16605473,8.815196362,89.30887788,0
124.625,51.7664527,0.119890951,-0.145543537,2.765050167,16.75250141,8.324553535,83.99141386,0
109.9609375,33.65017699,0.627901605,2.555754984,2.298494983,15.74218597,9.056483048,97.63831841,0
99.875,43.11249819,0.533241061,0.538586284,2.277591973,19.00448458,9.487122287,96.27057131,0
107.2890625,56.87515829,0.58374247,-0.063270871,20.28428094,58.3505247,2.769052204,6.156350178,1
99.0390625,46.36580137,0.326099549,0.29516361,3.280100334,18.85216129,7.302736718,62.55797098,0
99.3125,44.92750236,0.566897751,0.573412459,4.806856187,25.32105526,5.889480635,37.69668726,0
128.1015625,50.70762391,-0.141260678,-0.333423449,3.447324415,20.89341644,7.993562878,72.23372825,0
138.9921875,55.58601107,-0.195214416,-0.562765399,4.449832776,25.51250579,7.107410695,55.04564925,0
126.4921875,42.68818559,0.088460718,0.345807356,1.626254181,14.56854217,10.41244915,125.2426473,0
131.0,47.62303146,-0.011343903,-0.023431626,0.570234114,8.976702489,21.78444163,560.3515815,0
146.46875,56.03876135,-0.330566239,-0.336710205,4.504180602,25.4568784,5.976328102,36.69425898,0
122.34375,53.90521738,0.11695669,-0.589580796,1.158862876,12.17541165,14.05974866,235.1846147,0
128.3515625,45.3361731,0.09800359,0.31270953,1.745819398,13.58100708,11.10284727,150.9987676,0
122.90625,51.45559941,-0.10575558,-0.402825447,0.316053512,8.180373147,28.05250136,824.8646725,0
126.1484375,54.22278837,0.088369799,-0.235032778,2.439799331,14.02400789,9.159717627,115.6139967,0
138.4453125,51.4192037,-0.005022167,-0.479630801,2.12458194,19.03570921,10.04792617,106.7079716,0
128.7421875,52.27066668,0.102810014,-0.01913178,2.394648829,15.44462884,9.22140455,107.12427,0
120.796875,46.8215294,0.201605289,0.207045181,2.433110368,19.71298336,8.964705074,85.041127,0
102.515625,38.12970962,0.257197926,1.227391124,2.760033445,17.92534056,8.079632885,75.54810233,0
113.546875,43.27092329,0.190630001,0.289340773,2.318561873,18.71171963,10.10254769,111.4503921,0
92.8046875,46.61361433,0.55622817,0.227911758,3.261705686,17.69131181,8.116491107,82.64844904,0
102.78125,47.77403477,0.760360141,0.771787724,2.35367893,14.94827743,8.871292293,101.0371014,0
118.53125,43.71425996,0.282787659,1.018309586,5.466555184,34.13358645,6.105902701,35.43684406,0
116.734375,45.78644115,0.146766318,-0.185168803,2.005852843,17.0295572,9.957753986,108.1697006,0
79.3125,38.61443019,1.924103509,6.634948874,59.05936455,62.9745714,0.777976582,-0.332222475,1
106.671875,41.35330046,0.420093235,0.781941293,2.903010033,17.35934274,7.99972221,77.2891029,1
108.8125,47.89062245,0.362649669,-0.032789341,2.322742475,14.64665832,8.908758107,104.883407,0
143.328125,48.2195677,-0.105796974,-0.265167795,1.114548495,12.8443638,14.29511265,231.4025987,0
54.3125,37.62079503,3.104716093,13.3905951,5.27173913,28.14779266,6.09455006,39.33132707,1
101.375,45.35932925,0.690027977,1.009822367,0.722408027,9.284064073,19.99435208,491.3668406,0
87.8046875,39.19782731,0.721681406,2.058746725,2.642976589,14.06668753,8.387087156,103.7618076,0
81.6875,38.70778951,1.495076427,4.399461454,21.39381271,58.69433258,2.695640515,5.782244015,1
110.1171875,46.97532948,0.54111912,0.325996711,36.8319398,69.23188956,1.574852844,0.879544242,1
116.359375,53.01897278,-0.04167211,-0.414604782,1.93729097,12.88793662,12.23333858,195.4978998,0
132.484375,61.0741077,-0.078899789,-0.683707337,52.30016722,80.74669941,0.988108203,-0.845139788,0
132.2734375,56.99680841,0.021092589,-0.540127446,3.744983278,20.02379897,6.973379618,59.03128631,0
108.8203125,51.02518275,0.507466365,0.14980565,2.474080268,14.95903538,8.784109623,100.6678599,0
107.921875,41.72147405,0.183738046,0.417944568,4.183946488,24.11950341,6.820934287,49.88702929,0
93.3984375,34.24163672,0.594230756,2.798017121,2.069397993,13.8265425,10.08134312,132.0364407,0
143.890625,50.18594088,-0.147044981,-0.392170753,8.33277592,37.48263316,4.576847689,20.16389106,0
122.96875,57.71034048,-0.009882527,-0.587814145,137.1647157,78.54841376,-0.196824485,-1.214541153,0
112.6171875,49.76195225,0.449126268,0.29014017,0.765050167,11.21606659,17.26008733,327.6291043,0
111.8671875,47.47785192,0.382938299,0.310097234,3.335284281,18.63198761,7.878385581,75.80410603,0
97.109375,45.69946567,0.592627924,0.939486993,5.673076923,24.48279672,5.22440789,30.59883234,0
74.2421875,35.31769787,2.193684838,9.04864641,38.51254181,77.83778912,1.600997903,0.747279614,1
122.4609375,47.50771358,-0.217544351,0.249389579,1.894648829,14.98362333,9.783736977,114.9054759,0
36.6171875,29.29753645,4.470760925,27.34746184,54.66722408,69.15421642,1.293861611,0.766272933,1
123.1640625,47.09096539,0.017651253,0.061257546,10.92474916,41.23234625,3.872715363,14.11398322,0
78.375,37.71252279,0.809364965,2.760060093,1.943143813,18.18108774,10.50639806,118.6507444,0
52.8125,40.14071927,2.899326439,9.255484143,75.29347826,74.67497011,0.766712013,-0.501878814,1
114.9921875,58.67448552,0.258815246,-0.613945925,1.760869565,17.40971956,10.86510541,124.6971704,0
139.625,55.02698202,-0.24730451,-0.244953423,9.086120401,35.08487237,4.140566316,17.08505743,0
85.484375,35.16456499,0.686036922,3.077512951,3.940635452,20.48004137,7.647622692,70.72711787,0
107.8203125,48.25703213,0.199900211,-0.191736183,1.757525084,12.54962332,11.41372284,171.6936142,0
121.234375,45.46040248,0.107714953,0.143027668,1.903010033,14.95178285,10.10590083,122.7911663,0
96.671875,46.40263822,0.593838128,0.859473389,1.900501672,16.46363073,9.975911964,109.5989561,0
25.25,38.45695646,4.254208119,18.29593351,77.04180602,66.903739,0.627086736,-0.290638787,1
116.75,49.49431786,0.093094606,-0.199560546,3.753344482,22.11954894,6.611707408,47.45149761,0
121.8828125,48.21365553,0.2051902,0.105988583,3.948160535,25.5877529,6.974402617,50.27258353,0
92.3125,51.52028575,0.875865754,0.573469423,20.46822742,50.15304164,2.501918813,5.693900554,1
101.6171875,47.61780147,0.481286087,0.323499831,2.757525084,20.70443545,8.66076186,79.62783486,0
118.921875,48.81047681,0.027844519,-0.143556376,1.697324415,15.6266653,11.05004847,135.9545736,0
106.1328125,44.07829878,0.976642674,1.611317209,2.535117057,17.56210968,10.51112844,126.9669822,0
85.1640625,36.6168458,0.758155711,2.599784752,5.189799331,30.17692971,6.231045965,39.28716932,0
137.9296875,42.6210012,0.005904834,0.283362234,3.70819398,19.77843746,6.863243565,55.39334685,0
119.296875,57.28429096,0.082517079,-0.535151465,2.471571906,14.98148337,9.045786138,106.3119146,0
126.5234375,35.2858782,0.414295081,2.097695822,2.199832776,13.71975969,10.07780817,135.1062749,0
134.40625,46.14048478,0.181211343,0.176154386,9.086120401,37.23937448,4.315264812,17.94853263,0
108.1875,33.57727794,0.38243247,2.726044645,6.352006689,32.86468667,5.498241734,30.23470193,0
134.9453125,49.95909398,0.015033314,-0.258724932,5.04180602,25.86677841,6.329367633,44.9272748,0
127.2734375,43.30266209,-0.130254525,0.31438876,1.671404682,14.1162713,10.89138809,142.2888489,0
131.4453125,50.39249209,0.058579482,-0.012323673,4.93812709,28.68875506,6.289547306,39.97209542,0
110.0078125,45.65196054,0.533760766,0.412149674,7.110367893,38.89465052,5.3355201,26.73950791,0
118.21875,53.31670375,0.130661098,-0.499792523,2.817725753,15.87667417,8.306726194,87.75293449,0
119.3671875,39.86831274,0.164137219,0.773472857,4.067725753,21.82120862,6.887997356,52.76438005,0
115.578125,40.63088599,0.090658042,1.244252519,0.987458194,9.321856033,19.04271877,471.7221489,0
117.359375,54.48920971,0.125716816,-0.469397451,3.049331104,21.6016321,8.065599819,69.6021565,0
120.8828125,51.85069025,-0.041628469,-0.290913068,10.31605351,38.12396752,3.907732567,15.02116119,0
113.421875,36.94053697,0.397016721,1.960271297,4.212374582,21.52885706,6.076728714,42.27642615,0
98.1796875,46.04421,0.246978799,0.183764546,8.843645485,37.62948394,4.469282858,19.53470528,0
111.9375,43.65950462,0.45007169,0.527252519,2.261705686,13.34965478,9.742008033,133.1353765,0
131.1328125,45.77259877,0.204238625,0.315679828,6.647993311,32.39937865,5.430796753,30.02787411,0
24.734375,35.09885245,4.611712363,22.58101902,64.67307692,79.94760603,0.847893348,-0.644391325,1
142.34375,47.35494917,-0.00808463,-0.167411327,1.392976589,13.72920443,13.52875757,213.8294195,0
111.125,48.7822009,0.469508094,0.038410039,4.502508361,28.29548743,6.389922679,40.37351206,0
121.59375,50.12163915,-0.006266748,-0.096982746,1.158862876,14.24903377,14.03892378,210.1119991,0
143.2890625,50.18032364,-0.006188755,-0.361386942,2.129598662,17.37715873,9.899718403,108.8940648,0
124.828125,53.31028122,-0.071613211,-0.349575879,1.421404682,16.2942121,12.56301285,164.878917,0
94.0078125,37.65851831,0.614613767,2.382983809,5.737458194,28.37446037,5.800348755,35.49231597,0
106.4609375,47.46477351,0.266438114,-0.041059056,6.112876254,28.54521382,5.750514991,36.73848973,0
152.8359375,47.87675867,-0.248918484,-0.027083461,36.25585284,63.88265076,1.833700834,2.479159628,0
136.3359375,49.62488623,0.022320157,-0.281646011,0.714882943,9.151538016,20.54318258,517.0981622,0
53.0234375,39.59274414,2.589680218,8.870819374,9.274247492,36.46939486,4.777219591,24.12806091,1
84.8671875,41.23434762,0.560041925,1.034741525,1.134615385,10.34785159,15.20352116,317.6223704,0
136.53125,52.24490667,0.038066317,-0.523901759,1.989130435,16.40847879,10.03744893,116.1723917,0
94.46875,40.76608914,0.459043688,1.53142608,4.319397993,25.42534468,6.614595582,46.03281071,0
126.2265625,59.22074896,0.137054507,-0.947665356,8.050167224,33.85285627,4.434435843,19.5327245,0
121.1171875,50.1272788,-0.01793622,-0.19389996,1.566889632,10.80472958,13.73706393,269.0961086,0
116.03125,43.21384643,0.663455691,0.433087971,0.785117057,11.62814941,17.05521452,312.2043252,0
21.7421875,29.36336102,6.298407514,42.54359391,83.39632107,79.00608621,0.501918895,-0.870267085,1
137.8046875,52.79619698,-0.053577845,0.010934654,2.358695652,21.72496675,9.550652971,92.16577406,0
94.2265625,43.14948849,0.501698443,0.857961052,2.134615385,13.14249557,10.68617052,158.0606376,0
114.4765625,43.10814251,-0.134469585,0.345983943,1.804347826,13.08942159,10.58938104,148.6682671,0
119.6171875,68.44832918,0.216978244,-1.022071192,12.07274247,42.6284864,3.812765525,14.09567148,0
14.703125,29.81593517,7.218630762,52.86635443,81.60284281,57.25662724,1.058996114,1.258417581,1
98.4921875,53.30894567,0.465292282,0.020867077,4.25083612,23.78869404,6.909452532,52.2518193,0
124.0390625,55.96768073,0.083600686,-0.614574233,2.897157191,19.80085532,7.677181604,64.38731698,0
133.328125,60.58273132,-0.107483693,-0.592756119,5.537625418,29.25872518,5.791663856,34.15883285,0
135.6015625,42.74457931,0.222442348,0.810337644,1.540133779,12.63803629,11.96553139,180.7003611,0
100.5703125,44.44759618,0.445197499,0.441157681,2.477424749,15.41023176,8.979744515,102.762382,0
103.8046875,51.59533933,0.25026961,-0.264395141,2.751672241,14.37700827,8.700989198,105.9110457,0
139.5,55.55416839,-0.238754221,-0.467586188,1.606187291,11.34608776,13.86007919,253.7356655,0
48.3125,31.36148862,3.634014344,18.55715856,85.37123746,86.66999636,0.491667511,-1.207753263,1
119.171875,38.16803092,0.168472217,0.989998809,1.472408027,14.84152882,11.65793486,149.4017997,0
131.0859375,46.83448705,0.031806253,-0.085944799,9.183946488,38.9670937,4.37282112,18.20432552,0
108.171875,48.41634367,0.635277859,0.82140582,1.828595318,13.37664634,10.92801845,151.3269884,0
111.859375,48.50623903,0.419794828,-0.01811852,1.484113712,11.19150337,12.90622706,236.8552211,0
109.7890625,43.09757322,0.313164917,0.536595384,1.193143813,11.80316492,15.61912825,289.2790683,0
123.0234375,50.19842889,0.221603665,-0.178294976,38.35284281,70.2795725,1.471177036,0.524189578,0
115.6171875,45.44968391,0.284367896,-0.008721313,2.164715719,14.73394345,9.668452397,117.3406682,0
88.5859375,45.18236094,0.488653449,0.661438584,5.18729097,26.68185608,6.555445609,47.04622388,0
111.609375,46.87453906,0.226778771,0.149448614,0.547658863,9.168903908,21.60411151,534.824061,0
135.25,59.5194296,-0.117317276,-0.581040759,3.017558528,21.66699614,8.239819516,71.63113893,0
105.890625,40.089399,0.198649088,0.812524231,2.704013378,19.16547422,8.4881394,80.04977131,0
79.9453125,42.62945515,0.586963514,1.301647917,1.20735786,12.77593681,14.10728527,231.0515264,0
125.6796875,48.03789741,0.01487067,-0.043867148,5.914715719,27.29835315,5.190413612,29.33438934,0
95.0390625,43.70200981,0.74427474,0.933803193,4.948160535,23.24942524,5.588270916,36.63071975,0
128.828125,48.34610076,0.083465501,0.251522402,0.648829431,9.048203704,21.83509649,558.8449995,0
111.953125,49.17600078,0.21107941,-0.063352046,3.513377926,19.24543958,7.080150191,58.70907401,0
115.2265625,52.75195714,0.110965928,-0.369773614,0.964046823,9.924525128,17.86767543,397.3663127,0
107.59375,51.48792903,0.307411986,0.124376557,6.203177258,29.30324711,5.338492391,29.56640361,0
106.953125,43.42663702,0.370589766,0.85011851,3.077759197,21.08498825,7.745126623,65.08062996,0
117.21875,52.12693904,0.196283062,-0.088269059,6.203177258,30.22379774,5.285600784,28.61107801,0
113.609375,54.56478867,0.339244541,-0.299175494,2.342809365,15.16639725,9.195380146,104.2679423,0
117.7890625,54.76350466,0.029512643,-0.558332766,2.205685619,15.39467944,9.912822908,118.6416057,0
102.84375,47.44889315,0.817369565,0.575449851,14.9632107,46.42127854,3.068199317,8.16513331,0
70.671875,38.18501616,0.754771387,2.649724403,4.408026756,22.74478298,6.091345229,40.9731114,0
103.1328125,36.39118435,0.261091046,1.799256585,123.0058528,78.20383793,-0.875378713,-1.084735023,0
124.1328125,50.61255574,0.095936124,-0.074292382,2.140468227,13.52955397,10.519273,148.9721498,0
71.671875,38.3169572,2.442415667,8.106835426,4.842809365,27.5691658,6.880068839,49.68101026,1
129.3046875,49.96570052,0.035296248,-0.344217532,2.110367893,15.98283547,10.22656453,120.165658,0
100.2421875,37.80516377,0.480570099,1.594752979,1.154682274,13.93590151,14.19882503,222.9585202,0
121.7265625,45.79859353,0.395521947,0.469878693,1.376254181,12.78948034,11.96387152,176.79078,0
96.78125,42.87972596,0.575450097,0.970346177,2.555183946,18.20754001,8.729465833,87.62187651,0
86.3046875,33.95874303,0.844204698,3.876098025,4.310200669,26.49749019,6.468346103,42.6132989,0
113.2890625,53.35701576,0.089059262,-0.683712804,158.5167224,50.2329745,-1.542275661,3.852635712,0
124.890625,49.32944645,-0.222493051,-0.153374611,3.99916388,23.92489291,6.575188627,45.37422068,0
136.453125,55.66008155,-0.007838337,-0.639507173,2.647157191,19.16206843,8.452301785,77.85639114,0
81.671875,75.28903777,1.017915279,-0.624377062,133.0744147,65.39756458,-0.683237659,-0.32945402,0
112.3046875,46.73889551,0.282571349,0.232895256,2.524247492,14.67628103,9.568117888,118.6343753,0
57.0546875,32.47891349,2.581246877,12.8522397,6.138795987,34.41026039,5.809417176,32.98807577,1
133.046875,53.53297164,-0.025509259,-0.273104441,11.09280936,42.17233217,4.156569478,16.51694845,0
109.65625,43.64727896,0.243084899,0.516723304,1.265886288,11.61417973,14.19499402,248.1794659,0
160.6015625,54.8108024,-1.130722475,0.991809798,135.4397993,95.84219483,-0.424526067,-1.492953127,0
113.3984375,40.14939676,0.322762683,0.532786428,2.985785953,16.62232347,8.176915817,83.88739372,0
136.7578125,48.58879534,-0.156798152,0.038722483,77.89632107,82.48725017,0.240533271,-1.73045099,0
102.96875,49.79833354,0.296020953,-0.123210682,1.127090301,11.6766884,14.64128361,254.7867732,0
98.1796875,47.38661362,0.351102103,0.443512956,1.578595318,12.25992234,12.03337175,188.3991284,0
145.0703125,39.8426953,0.284999823,1.088053752,12.39882943,42.83673171,3.479803519,11.11048603,0
148.359375,52.90834267,-0.328672059,-0.228783732,1.786789298,12.07199111,11.8064261,192.7870474,0
139.34375,40.11281698,-0.003204526,1.155568274,4.990802676,27.62770438,6.211423852,40.85366762,0
107.3828125,47.81803417,0.14203765,0.130675251,0.91638796,9.469615147,18.68119888,448.8676143,0
109.4375,53.10348829,0.176804073,-0.287957888,1.964046823,16.66734972,10.71939289,127.1721509,0
126.5625,47.67201583,-0.030093145,-0.117468538,49.81438127,76.63636715,1.0762376,-0.453134171,0
96.9921875,42.14567299,0.736035294,1.582783065,2.705685619,15.98286084,8.14313993,84.06014252,0
81.4765625,38.60678471,0.519339164,1.909819069,5.482441472,28.26434923,5.78928627,34.89890525,0
94.453125,42.9443425,0.621966788,1.050666918,2.214046823,17.8339424,9.520920288,99.13952322,1
130.90625,45.52187618,-0.003160636,0.135229081,1.090301003,11.10207457,15.23604038,281.7913016,0
104.3046875,42.90370005,0.262243112,0.895449666,1.320234114,11.41473957,14.36909309,256.8858659,0
116.6640625,50.33392825,0.157666027,-0.140632073,2.35451505,17.76170031,9.294309473,97.17011391,0
113.1953125,51.30805532,0.117504105,-0.109692336,2.423076923,14.72370745,9.260594344,111.4385508,0
107.2421875,44.95670593,0.089899002,0.581952446,1.265050167,13.97988818,14.51931804,234.1070161,0
21.0390625,38.7059028,4.659643272,22.02695179,72.13712375,64.50498096,0.992518955,0.275884706,1
105.2734375,50.42300982,0.388639904,0.202566242,1.382107023,12.31092376,13.0983755,210.4337444,0
87.96875,35.98674615,0.630663939,2.514202047,1.880434783,15.65493025,10.05996478,113.6735577,0
102.203125,43.23055187,0.502788081,0.842764676,2.723244147,20.26809019,8.695038394,80.80847669,0
100.859375,39.46749738,0.103887401,1.000873958,2.280936455,16.79100346,9.219942035,96.4767408,0
128.21875,52.89774001,0.154109301,-0.240637542,2.427257525,15.62495944,9.145974252,101.2662257,0
113.9375,40.75091065,0.174773754,0.351941392,7.585284281,33.86420725,5.138210058,26.98697094,0
132.90625,53.77258791,0.060074999,-0.071764128,1.014214047,11.65884762,15.54960848,279.7643678,0
126.6640625,50.46088791,0.074932992,-0.520259766,2.243311037,16.29889599,9.701439754,108.6614078,0
134.875,49.97374311,-0.078317427,-0.300986857,2.804347826,20.66167622,9.542332161,100.010299,0
141.421875,56.4116579,0.012052357,-0.479287531,3.878762542,22.33818477,7.380727711,60.86064,0
151.046875,47.0157652,-0.466381765,0.320895247,2.943979933,19.68449398,7.752590533,66.21237189,0
98.7265625,50.40782349,0.565123614,0.245230855,0.570234114,9.011285211,22.01858876,561.8337873,0
109.453125,50.37699428,0.090754379,-0.222749377,1.64548495,11.1709761,13.21243918,245.0802613,0
91.59375,45.98376709,0.300605411,-0.101055003,2.293478261,19.89235221,9.144171542,86.47109308,0
118.7265625,52.54874446,0.215703639,-0.415202246,2.224080268,14.35712525,10.62732437,146.4513985,0
122.0,41.97450863,0.488275773,0.395520474,2.069397993,16.160132,9.556323608,104.1623025,0
113.40625,38.24375715,0.468597132,1.473002145,1.446488294,16.22314027,11.98300313,147.9496998,0
128.1953125,56.05118456,-0.024595598,-0.349763782,2.567725753,16.02223356,9.03343933,101.66601,0
138.171875,50.52383555,-0.077381936,0.02677184,2.905518395,18.67572968,8.38094064,80.19320868,0
106.890625,44.09546362,0.258986541,0.552247953,11.89464883,46.47746177,3.873275767,13.66037178,0
87.4609375,52.74361667,0.846770904,0.674431663,93.96070234,93.90968742,0.128960619,-1.79972319,0
72.3359375,41.20172883,2.290134316,7.29838129,35.80016722,61.18147822,1.891264727,2.913210965,1
94.96875,47.82012807,0.591464007,0.238045175,1.107859532,13.60586775,14.29435873,222.0328973,0
112.4375,38.2956733,0.501943444,1.07484029,2.81270903,18.13688307,7.859968426,71.29944944,0
123.5703125,57.27669732,0.514650264,-0.346149639,3.496655518,21.32027994,8.74531061,84.63796303,1
101.2421875,51.86125512,0.490314137,-0.026490438,5.769230769,26.38565137,5.358591635,30.77787047,0
118.3046875,46.87992617,0.170991045,0.07393563,8.722408027,35.84554192,4.610579761,21.45382007,0
132.234375,50.56269073,-0.025454074,-0.409775818,2.267558528,15.24280578,9.743163077,118.4868522,0
116.296875,45.81473551,0.429389904,0.31613296,1.241638796,12.36827471,14.73944797,252.602814,0
109.484375,41.3995366,0.06643463,0.63538288,1.836956522,17.71115341,10.600909,118.692444,0
147.28125,43.41441608,-0.288005099,0.519564309,3.201505017,23.34527871,7.906315884,64.6192441,0
147.1015625,50.32470191,-0.797783316,0.147755616,107.4673913,110.6422106,0.072755232,-1.976975603,0
99.78125,37.16894232,0.277173991,1.527943131,1.133779264,14.54069929,13.79656278,199.4736291,0
74.515625,34.35408099,1.863238661,7.586409245,5.974916388,31.30726522,5.486881071,29.91894199,1
25.484375,32.64199375,4.872233912,26.30378803,23.2048495,50.82477614,2.46850776,5.532071671,1
92.2265625,36.25715766,0.632170114,2.32238336,2.341137124,21.59506509,9.677319734,95.79273794,0
114.84375,39.2405318,0.307487509,1.339832221,1.670568562,13.27129462,11.64494118,165.7791791,0
111.0859375,49.26427892,0.296976101,-0.06257546,11.16137124,41.83785646,3.770622568,13.07511048,0
13.546875,29.13113116,6.78935069,48.33985375,91.29013378,69.05636254,0.340408565,-0.469912114,1
101.3203125,41.21834649,0.137445218,0.563156666,1.015886288,11.37799533,14.92650567,265.5465533,0
118.9921875,45.82720536,0.179845584,0.275249074,4.647993311,27.39960094,6.3269989,40.6165556,0
113.140625,46.37546064,0.385435999,0.085077018,5.328595318,25.47862672,5.850846413,36.93505911,0
126.2265625,52.10419472,-0.165678784,-0.604819195,8.590301003,40.02477543,4.643529612,20.30590205,0
122.0234375,62.29785621,0.238204602,-0.841093179,4.626254181,26.86084442,6.221721748,39.50507704,0
107.6484375,32.60789538,0.205378008,2.919476047,1.464046823,16.15589432,11.91033262,149.2127232,0
119.265625,40.52304213,0.327431324,0.883343133,2.224916388,18.52740214,9.244767653,90.85203117,0
103.703125,51.30520797,0.145222028,-0.139590478,5.329431438,30.86455203,6.217728427,39.32261151,0
130.25,46.40177798,0.198492688,0.24098052,2.239130435,19.92396938,9.825605252,101.213176,0
145.6171875,53.82482018,-0.357255637,-0.336184977,3.361204013,23.92295255,7.953128297,65.46605859,0
91.4453125,38.71446124,0.743156767,1.789333682,2.576086957,19.57295067,8.447061498,76.51480411,0
129.65625,52.00126764,-0.286952561,-0.149760025,2.559364548,14.89631908,8.876683932,103.1549484,0
98.4453125,42.7384503,0.820056637,1.716349253,3.816053512,21.51929079,8.14142665,75.13799205,0
102.9453125,43.81001394,0.287463296,0.409820062,44.97491639,72.50103936,1.197401523,-0.196819275,0
107.6796875,44.48172616,0.462079027,0.627300823,28.57608696,61.01717284,1.932781783,2.315313015,1
117.9453125,43.92719627,0.074768541,0.378244993,2.090301003,13.16172391,10.23880715,144.0471467,0
87.0703125,38.08998055,0.870472976,2.437318676,1.464882943,10.97806894,13.90631847,263.5604499,0
111.2109375,42.03396178,0.434655972,0.710722124,2.175585284,15.08141581,9.665629011,114.8226213,0
106.5234375,43.60618592,0.590522637,1.136204684,2.262541806,18.89288504,9.827439293,104.6190214,0
124.3828125,39.3317463,0.191626311,1.00463672,5.846153846,27.54597392,5.185667022,28.51923717,0
136.921875,51.16664095,0.024210037,-0.194483126,1.051839465,10.44402127,16.34992627,335.6607106,0
108.9140625,51.42379485,0.108284036,-0.212734338,3.14548495,16.51771841,7.933097984,83.85962351,0
113.3671875,55.62652682,0.22790056,-0.519361494,4.923913043,28.63578923,6.144305307,37.73895156,0
120.7421875,52.2984593,0.460007082,-0.111817096,1.199832776,12.23396637,14.34122557,242.0607943,0
132.2734375,40.04874273,0.08226417,0.308210032,1.390468227,15.09148942,12.76751427,177.3173483,0
136.984375,52.24431554,0.017744927,-0.061310736,1.742474916,15.15187004,12.42748976,177.0109435,0
135.3671875,49.87497981,-0.14545768,-0.039892502,13.12374582,48.95238357,3.59654148,11.3143491,0
122.9140625,48.67366256,0.142796246,-0.094340606,2.287625418,18.24363766,9.487070967,98.81679262,0
138.78125,52.61355836,-0.194800197,-0.237349732,4.99916388,27.54672223,6.288293353,41.86030677,0
7.0390625,28.7357036,6.861532609,49.34906084,132.6404682,81.44824875,0.145161468,-1.468371471,1
122.296875,53.41572793,0.191707352,-0.461677869,1.413043478,14.20195817,12.47540623,176.5732279,0
111.0625,41.0945461,0.296454157,0.602521513,1.158862876,14.4404502,13.42912484,188.4451582,0
107.03125,46.94227464,0.264096173,0.227419037,1.155518395,12.37901563,14.85508704,259.7123899,0
90.484375,35.44846267,0.500564282,2.660595534,5.911371237,27.2899795,5.457924272,32.47826446,0
101.59375,52.42814093,0.345714442,-0.2866295,6.561036789,32.83401227,5.493631097,30.56820949,0
74.859375,38.82547778,0.751163265,2.329940037,1.161371237,13.71953467,13.23181273,189.5532541,0
101.0546875,45.4148084,0.467537334,0.593194432,0.818561873,9.380280137,19.20252217,466.8581228,0
124.34375,46.6076438,0.021236557,0.018851632,1.66722408,15.18359095,10.96218973,136.3829199,0
101.265625,41.3930256,0.496213816,0.840861584,3.118729097,20.46354824,7.785509673,67.04725324,0
110.1640625,42.83612986,0.343727221,0.591051739,3.7909699,25.14439475,7.034359954,50.34282146,0
114.1484375,47.26191811,-0.11393497,0.211952623,1.340301003,13.6922853,14.51314479,231.6294528,0
139.671875,50.76602416,0.102804232,-0.231645234,1.820234114,19.51880044,11.26092719,127.9150458,0
110.3515625,78.16734751,0.358364703,-1.343608895,0.797658863,8.039775359,26.89222931,834.2334897,0
96.515625,39.19601869,0.515466167,1.294247424,3.037625418,20.0289779,8.17559948,74.8133748,0
112.5625,53.07464525,0.53289584,0.135316237,2.674749164,18.15136279,8.59303446,84.75008879,0
128.6015625,45.50726931,0.080854627,0.151990354,6.822742475,35.67833371,5.280365499,26.93116526,0
137.3515625,51.11225236,-0.256859841,-0.194805952,1.445652174,11.54044319,13.81191365,244.2648556,0
59.015625,36.88347029,1.647415614,5.981434598,7.685618729,34.85735136,4.757430834,22.54106888,0
74.4921875,36.70830885,1.115460054,3.40705721,0.45819398,9.046189062,23.07772417,581.6187764,0
132.6953125,47.29504443,-0.155516985,-0.044360135,1.747491639,16.82031098,10.6800712,121.8386949,0
94.6796875,43.93833278,0.446644531,0.677596174,2.595317726,13.84318934,8.958145057,115.2558526,0
128.3046875,53.3214835,-0.189813623,-0.475030489,17.29347826,53.10666358,2.828970491,6.318684244,0
113.21875,46.67138067,0.004099306,-0.095867734,8.462374582,35.15956588,4.298000074,18.07547258,0
100.9296875,46.79913588,0.253738017,0.333248382,5.362040134,29.81935911,6.233538225,40.35060485,0
131.1796875,48.37991474,-0.076662946,0.244154113,1.62458194,12.17412813,11.79263501,186.7050584,0
108.75,38.090148,0.339955501,1.675152286,1.93645485,15.88370072,10.39525239,125.3274754,0
108.7421875,43.48603334,0.129282751,0.406923177,3.775919732,20.93843393,6.775610828,51.94705424,0
104.1015625,36.70146452,0.457094823,1.599069602,2.302675585,13.97281257,9.515597785,121.5617523,0
96.640625,44.66590114,0.523929543,0.808013429,5.02173913,28.19380839,5.906598881,35.28239649,0
61.921875,48.35975363,1.952635992,4.118813652,38.60367893,72.19585115,1.575609859,0.916430576,1
101.140625,47.70788954,0.34974362,0.15240414,4.04180602,24.3961849,7.006709864,52.55122493,0
109.171875,40.41138248,0.713795887,2.023741466,3.336956522,23.8079904,7.452664716,56.46362209,0
115.1015625,44.10797119,0.08770032,0.1826536,2.591973244,15.84643284,8.806037973,96.0018796,0
105.421875,51.56088776,0.390605137,-0.04928491,1.801003344,13.88572084,10.47499521,135.0333732,0
89.8359375,45.549214,1.208151489,2.514956561,3.89548495,26.66781181,7.326969664,54.73208775,1
37.0546875,35.93838229,3.992493615,18.97021298,61.60451505,75.61451666,0.983834469,-0.2113352,1
103.0859375,41.69326747,0.473019939,0.895513384,4.236622074,21.85770407,6.606891591,49.95300973,0
105.546875,37.83926932,0.310740006,1.695399302,4.441471572,24.45901122,6.232311297,42.06976098,0
89.5234375,35.54002252,0.747153181,2.845150884,2.255852843,13.9524308,9.398621334,118.9992129,0
94.875,32.83981006,0.504610238,3.59370302,0.64632107,9.280711189,20.44777507,499.3029763,0
113.34375,43.1815639,0.290012087,0.754369998,4.550167224,26.7539887,6.475539722,43.65456688,0
108.7109375,47.563798,0.21272002,0.350972053,5.108695652,26.95496476,5.983512421,38.58865151,0
98.34375,47.0293189,0.868207578,1.112784302,26.10200669,60.65677023,2.225273001,3.622436634,1
79.7265625,39.23063114,1.363438712,3.964139331,7.923913043,36.50514322,4.989840603,24.55495368,1
127.2890625,54.01405378,0.171367144,-0.66339054,2.839464883,20.30406769,8.457133871,77.13464175,0
122.0234375,46.50343819,0.519942751,0.319810057,3.168896321,18.89342321,8.080824341,77.02395931,0
106.4765625,35.05597418,0.214825271,2.077162157,1.090301003,11.62169317,15.20327326,270.8151264,0
115.6796875,49.96450828,0.06167517,-0.010645787,0.690635452,11.05601182,18.08321297,348.9200687,0
101.2421875,46.56728098,0.532803543,0.34475885,2.639632107,19.24207002,8.432876149,77.19428747,0
125.3515625,52.2476958,-0.201786238,0.005692674,3.938963211,24.33490797,7.049244327,53.79980631,0
90.125,42.90341624,0.694570721,1.105027547,2.301003344,13.88948373,9.050778963,114.2138095,0
107.0859375,40.35294044,0.462706873,0.904377049,1.008361204,10.20246201,16.49249404,348.5268531,0
102.890625,37.03297398,0.260004295,1.437538306,1.642140468,15.33038701,11.06147189,135.8595544,0
104.609375,41.74349395,0.407708092,0.569563793,111.4657191,91.16128158,-0.181153197,-1.603468336,0
114.140625,48.52395259,0.289198774,0.005767821,2.760869565,17.51591748,8.097562542,77.33204948,0
115.5234375,54.96234007,0.268339533,-0.156503107,2.350334448,14.5442529,8.873050646,104.1870089,0
107.09375,52.37178354,0.655851835,0.337052432,17.40384615,52.58942012,3.07403321,8.419375918,0
145.3203125,53.54728249,-0.160620584,-0.532386357,2.690635452,19.38626758,9.621758457,103.2463014,0
123.734375,53.07195652,0.135059576,-0.259912136,2.182274247,14.99532436,11.67812846,165.2798004,0
149.890625,46.99272457,-0.271323155,-0.021579208,47.80518395,74.14475361,1.142309746,-0.316489545,0
112.140625,49.30402088,0.07840614,-0.116391428,0.697324415,11.48935931,18.8338939,373.2043379,0
112.6484375,41.82862915,0.120688608,0.600824696,0.996655518,13.12233367,15.63571735,267.6202423,0
129.375,70.37999538,-0.004721887,-1.239225377,13.84364548,39.05863187,3.180325713,10.38473001,0
121.5859375,43.33905704,0.13239685,0.250667492,1.581939799,12.72466891,11.96790728,180.915226,0
78.6796875,35.80261286,1.339544781,4.643499047,8.302675585,35.42598426,4.442891013,19.22693734,1
109.9140625,39.89909682,0.414876518,1.29704565,23.2090301,53.68910366,2.375547914,4.805481057,0
107.171875,56.50706667,0.378859937,-0.353202237,2.852842809,21.22018074,8.804500361,85.04018548,0
113.984375,35.78516286,0.515169479,2.124048124,4.449832776,25.21187791,6.221214674,40.81954735,0
49.0078125,32.51237651,3.953518879,20.34046798,14.65301003,46.73241804,3.470588382,11.44099546,1
65.5390625,33.70758964,2.10205517,9.023274646,6.836120401,34.04799239,5.25579593,27.14459466,1
92.6484375,38.42577867,0.543652402,1.968624886,3.007525084,19.26051232,8.215321347,76.19909659,0
80.4296875,35.65868662,0.870979595,3.411963798,1.344481605,11.45450772,13.84606286,244.3328676,0
119.3359375,59.93593941,0.1593631,-0.743025397,21.43060201,58.8720002,2.499517144,4.595172652,0
136.390625,48.50970173,0.030031462,0.042846873,2.959866221,20.96270126,8.066179658,71.09636807,0
103.53125,51.24983803,0.351314974,-0.126589337,1.808528428,14.51976951,10.74922895,136.710764,0
121.4140625,42.42945015,0.350900173,0.952299681,3.339464883,18.8905087,7.174270145,62.29533412,0
98.2265625,42.83420341,0.503230841,0.841410874,1.127926421,12.00374201,15.55991254,275.7479629,0
113.984375,49.71606638,0.201877707,-0.010474091,4.97993311,29.78211735,6.236221752,38.89379532,0
56.5,34.52150598,3.207526879,15.39647402,13.50501672,40.72639939,3.618600533,13.81501337,1
137.0859375,49.38592084,0.010375672,-0.171750769,6.573578595,31.47219037,5.325961216,29.10956458,0
98.203125,48.09355456,0.318348374,0.307241909,2.759197324,15.06137524,8.453216591,95.63924102,0
113.3359375,52.30354274,0.168922513,-0.628530945,4.128762542,26.7006534,6.687921624,44.8819509,0
115.53125,55.14567887,0.141298621,-0.387191469,3.273411371,17.25399461,7.422563353,69.0946247,0
114.9140625,49.59146023,0.277724749,-0.119660131,3.032608696,18.42774301,8.964669624,93.63222406,0
116.78125,39.53260867,0.214537027,0.737084494,2.636287625,14.77956153,8.964082222,105.7486141,0
110.453125,46.29016151,0.025577008,-0.001009611,2.980769231,17.81896508,7.726806635,71.78958366,0
117.21875,48.21386884,-0.081657819,-0.317362848,3.033444816,18.0462677,8.511815093,85.41108657,0
128.9375,56.22537656,-0.042874165,-0.504123754,2.767558528,17.52855724,8.572523128,86.06332704,0
35.71875,29.07773458,4.708403361,28.98823949,21.50919732,49.46086337,2.825261509,7.993791898,1
89.4609375,35.76636477,0.819673177,2.623077717,3.394648829,21.4067888,7.316992324,59.719739,0
121.234375,47.16369174,0.0548357,0.309261814,1.658026756,16.9976177,11.54949073,141.0991291,0
106.484375,50.41561396,-0.026536687,-0.165455571,63.58695652,87.7727186,0.796171394,-1.118242566,0
74.2578125,47.67389978,2.019289295,4.775811477,15.15468227,49.24629575,3.364227521,10.37875397,1
63.1640625,37.62661486,2.615119998,8.719977631,125.5309365,89.5346379,-0.15958014,-1.314984898,1
138.4453125,45.60184491,0.027962308,0.273099844,3.867892977,22.33881558,6.82564787,51.34469458,0
113.1328125,56.99621302,0.097122856,-0.639522154,5.027591973,25.01645093,6.142164519,41.66437786,0
136.1171875,50.57352647,0.001149073,-0.265949685,5.474080268,26.14956014,6.182853809,41.94504661,0
127.765625,51.14325536,0.018767162,-0.324726244,7.841973244,31.48465588,4.780808564,24.42720964,0
126.1875,47.58967686,-0.120984911,-0.097959353,1.193979933,13.52969596,13.70028428,209.2530452,0
114.28125,49.92775053,0.423292364,0.046840846,1.647993311,14.8412673,13.19531005,193.8442267,0
131.2109375,44.23793132,0.165618624,0.642557109,1.689799331,15.48588514,11.13460439,138.8023279,0
113.1953125,48.36257247,0.42889465,0.142344796,3.994147157,23.58452668,7.830694395,67.64867928,0
125.71875,45.9161834,0.194230772,0.124038185,12.48076923,41.76563611,3.525513694,11.8655793,0
105.6796875,42.8647826,0.173332706,0.489643439,2.198996656,14.76336872,9.900561894,121.7238118,0
127.90625,47.6199862,-0.114051155,-0.201233912,86.54264214,107.4520459,0.452550336,-1.763588739,0
116.6953125,45.65197124,0.152323598,0.059578026,2.024247492,17.51101652,10.36766982,118.2233849,0
140.234375,45.11694602,-0.061888336,0.225693528,1.879598662,16.68718347,10.61514041,125.3483078,0
91.984375,43.81958473,0.825235154,1.962024167,51.73913043,90.86816781,1.26781163,-0.293069512,1
131.953125,51.11290495,0.007998524,-0.136929052,2.735785953,20.97953511,8.387715201,74.17504166,0
114.8203125,45.07275951,0.222060607,0.38618057,2.110367893,14.58441669,10.84924741,144.2235026,0
123.203125,57.84777429,0.184141487,-0.749535523,30.6187291,61.80976141,1.785705442,1.773969412,0
119.8984375,53.63328022,0.219770225,-0.481814249,2.530936455,18.43518555,9.455331893,101.4623979,0
101.328125,46.0985882,0.155298097,-0.317547506,17.23244147,51.20946379,2.877138924,6.890868325,0
97.4921875,40.73293279,0.077957026,0.695864942,5.37541806,30.41868426,5.969443757,35.53157909,0
103.453125,42.40261994,0.829144076,1.302111791,3.403010033,21.43064081,7.351427815,59.37600403,0
113.59375,37.10404238,0.358735721,1.308870578,1.498327759,12.47415377,12.21911321,187.6662067,0
115.8359375,49.10683146,0.218410218,0.338052221,2.524247492,15.25333169,9.244954468,107.3778463,0
125.5859375,59.44200526,-0.058882902,-0.617628015,3.040133779,20.2909043,8.35254186,77.56617247,0
136.1640625,48.72463721,0.02990371,-0.360950688,10.59113712,39.66771543,3.77094786,13.13797891,0
93.3671875,34.50857482,0.433706874,3.322047657,2.151337793,18.78005079,10.24461786,112.6686916,0
105.484375,52.98717185,0.312403973,-0.12491761,2.467391304,19.19856914,8.224654142,70.85110776,0
140.046875,57.96050101,-0.202542443,-0.439521856,2.341137124,15.87005173,9.176280812,101.3224055,0
109.171875,41.10088757,0.434616861,0.737121615,1.805183946,16.08218878,10.35694745,117.5187688,0
108.09375,43.53652158,0.192641866,0.362051803,2.428093645,14.89059365,8.563478872,96.52867138,0
135.625,55.1945423,-0.03428796,-0.426738968,2.112040134,14.28071959,10.08848893,130.5074341,0
116.9609375,58.2430793,0.166084289,-0.557173305,87.9506689,87.54956594,0.022262381,-1.929895998,0
100.5,46.20352395,0.392734151,0.115250918,0.955685619,11.76869648,15.93731305,287.1954639,0
107.625,38.0632697,0.250565034,1.810065208,2.612876254,19.24806731,8.277957604,74.72658976,0
120.078125,52.55452665,-0.065751263,-0.050251516,5.389632107,28.33897229,5.6574635,32.82191986,0
128.890625,52.09595029,0.090649498,-0.147498257,1.372073579,10.58337764,14.40569903,291.6838658,0
107.7734375,47.27202113,0.032848202,-0.048931153,21.5367893,56.50985782,2.27650373,3.300283082,0
49.3203125,42.95108657,2.889817305,10.13987132,39.48913043,65.16607841,1.57437565,1.396720202,1
147.875,58.66350015,-0.245850757,-0.30883674,11.14715719,37.91938399,3.614757268,12.83132104,0
120.796875,45.37230698,0.446624179,0.170285589,3.404682274,18.54895299,6.995076817,58.46817067,0
115.125,48.51352904,0.35563337,0.19827971,2.585284281,18.02215055,9.965117221,110.8425366,0
78.3203125,43.89670645,0.754457548,1.264601273,2.198160535,16.44052919,9.947916319,117.9271542,0
106.1640625,34.41220199,0.3223079,2.027642141,1.501672241,13.26678267,12.7344109,193.6748711,0
125.2265625,49.63117324,0.06662021,0.335278058,1.928929766,15.33437127,9.904928807,114.4873467,0
106.71875,38.06592503,0.513824912,2.038927698,1.801003344,13.88837002,11.01376947,148.2001647,0
109.90625,47.93166319,0.210408479,-0.086642921,2.421404682,15.90328241,8.808076008,94.70462277,0
109.96875,55.62653614,0.288355893,-0.210458786,2.096153846,15.45702702,9.623898103,111.1679132,0
130.2734375,58.02016283,0.032684959,-0.543944115,39.42892977,66.59478471,1.516460084,0.962192789,0
54.953125,33.47640479,2.856749261,13.50660065,18.71070234,44.64390792,2.997168664,9.314726057,1
112.515625,43.22596593,0.191326383,0.233570121,4.359531773,26.95250687,7.250004291,55.34880928,0
93.4375,49.53624778,0.390033009,0.067861969,4.880434783,27.08607459,6.337939716,41.93678932,0
23.703125,41.67777424,4.112598685,16.68712542,12.27257525,39.32338633,3.710672843,14.11099688,1
36.0625,26.91907723,5.350862699,35.98580629,105.4205686,81.1169902,0.303897634,-1.00595417,1
114.0703125,53.08324588,0.273841287,-0.374472947,2.37541806,15.91386822,9.907166669,115.6210281,0
133.140625,72.74782368,0.028094088,-1.378601811,166.5108696,56.51628986,-1.508777952,2.255862743,0
101.90625,47.72879724,0.582488968,0.61243001,5.52090301,30.74958843,6.109380372,37.74373883,0
109.9140625,52.20213527,0.181998932,-0.185938423,2.515886288,17.15136963,9.177498575,99.91370971,0
130.0546875,48.46508224,0.044099772,-0.25009962,2.637959866,15.95987435,8.500737849,89.68962761,0
105.265625,44.92484773,0.443069098,0.566053088,3.014214047,23.43868323,8.390089856,72.38917173,0
105.875,47.97199704,0.40989194,0.103182569,2.122073579,18.04732207,9.581832185,99.59734484,0
76.5078125,55.00269824,1.77634624,2.583850808,112.0978261,98.19647714,-0.133006897,-1.826204713,1
114.109375,51.4024006,0.536298812,0.142212369,2.242474916,13.6654265,9.776305772,130.4239683,0
118.1171875,57.02091462,0.107739719,-0.786384685,24.91638796,59.96784004,2.237670972,3.512316984,0
108.3515625,43.98838445,0.255585141,0.686312494,2.531772575,16.79738076,8.736081372,93.57497423,0
74.7421875,35.80726316,0.935572984,3.628944053,3.132943144,19.04461102,7.971509212,73.35558317,0
121.6796875,53.35859432,-0.217866224,-0.247728426,11.20150502,42.12259577,3.891134318,14.3597952,0
112.015625,46.6717233,0.305809653,-0.10780398,2.050167224,12.58884779,10.33346046,155.2910572,0
106.3984375,51.07750542,0.30802483,0.028550689,2.055183946,15.22370417,10.60539933,138.7473717,0
128.5390625,43.49944366,0.049611132,-0.176370127,10.57274247,43.238437,4.082189702,15.44801371,0
120.1953125,50.39005026,0.117917617,-0.067409514,6.403010033,31.86727478,5.096533431,25.44249982,0
113.8359375,47.25839498,0.00332375,0.41007854,5.015050167,25.00795407,5.852168784,37.55903121,0
121.34375,54.438675,-0.017203394,-0.427127553,93.87541806,93.62626924,0.026113288,-1.931996368,0
107.9296875,40.77571727,0.354865778,1.011219104,10.47324415,38.41633118,3.870237203,14.35740716,0
12.46875,34.58954356,5.750408523,32.97831184,129.7909699,63.51032717,-0.077222142,-0.285142167,1
133.96875,60.88589963,-0.128577259,-0.691759587,1.41638796,13.78455339,12.27173949,171.7563574,0
148.40625,41.97905681,-0.19366795,0.806399316,2.552675585,18.49960863,8.767316836,84.2339467,0
100.125,41.66120798,0.295887047,0.801229168,2.074414716,18.75663488,9.800070713,99.58886123,0
126.9375,50.30636609,0.11279792,-0.179505127,1.690635452,16.7127396,10.47812886,115.1714701,0
83.078125,35.23173493,0.713532923,3.185029783,4.108695652,19.81317147,6.206876662,46.5659374,0
117.4140625,45.06670877,0.118238098,0.138011496,2.477424749,19.62462088,8.830150854,83.3123385,0
102.359375,43.82310577,0.242901306,0.102978465,3.076086957,21.22258365,7.502146251,59.39932948,0
131.5234375,41.843265,0.038342667,0.667605622,2.903010033,16.0849737,7.996095479,82.23850775,0
109.4296875,50.26456313,0.268363475,0.174917966,3.136287625,17.69310055,8.499156828,88.9856535,0
95.0625,41.58025936,0.884303629,2.452734421,5.176421405,30.12307218,6.151957175,37.8279186,0
127.328125,48.92470449,-0.161601914,-0.168824956,2.831939799,20.70741429,8.970853825,85.58477801,0
35.9296875,31.31772252,5.326209326,34.02114558,22.63461538,50.46831954,2.669580267,6.700530685,1
80.59375,36.78451557,0.922692871,2.774061355,0.602006689,10.21248151,20.69703128,462.77531,0
111.90625,43.37129622,0.205173281,0.486339864,1.882943144,15.06306731,10.11919238,119.5778623,0
99.890625,47.72990977,0.570213627,0.278228949,2.431438127,19.64746526,8.955801487,84.16528711,0
135.078125,50.48183606,-0.117913188,-0.366185146,18.8729097,52.41920589,2.625045686,5.499947942,0
55.40625,41.32198974,2.83444103,8.699742924,113.5384615,78.01878489,-0.064314828,-1.014781695,1
134.0625,50.76858496,-0.111758184,-0.342157106,1.355351171,10.750281,14.50589106,284.623895,0
108.375,39.0520486,0.115301174,2.044731055,11.93979933,48.69473255,3.845665646,12.84759929,0
113.3671875,43.47626348,0.291050845,0.28413482,2.099498328,18.70536291,10.13492073,109.2225894,0
132.8984375,49.62922524,-0.046301522,-0.096409738,2.633779264,17.52197844,8.175772366,76.18873111,0
119.921875,34.89238128,-0.050957237,1.398000031,2.224080268,17.65438225,9.202718598,93.61576838,0
104.671875,44.1862375,0.545898258,0.637835796,2.954849498,21.64805833,7.959921167,66.50137812,0
120.2734375,48.57833796,0.297588666,0.082770745,1.099498328,12.87478804,14.73944011,242.1494511,0
109.8828125,37.23418731,0.315229667,1.44522835,7.797658863,40.46647972,5.020934163,23.34268999,0
90.640625,35.70467721,0.521520073,2.543200349,1.919732441,17.48550031,10.65795717,123.4802383,0
138.4609375,53.39401042,0.049593332,-0.475582018,25.76170569,72.35055573,2.463721135,4.105936745,0
108.546875,48.49143922,0.134640767,0.160643896,6.052675585,27.05935631,4.972940958,26.0757438,0
106.6328125,56.53246732,0.232740531,-0.645917688,0.730769231,9.400922698,19.78560252,475.5221544,0
114.09375,52.99696888,0.231786939,-0.169727245,2.107859532,17.80935566,9.993088071,107.308314,0
119.7578125,53.38608581,0.182994111,-0.272396784,3.169732441,18.23775863,7.635489189,69.1487853,0
45.546875,30.90303873,3.645495803,19.49924626,72.24247492,88.65452697,0.655229345,-1.221447443,1
126.8984375,76.77084813,0.063996689,-1.389725973,32.12876254,67.15187804,1.97013426,2.557710081,0
117.265625,46.8061969,0.39359371,0.127416627,2.050167224,17.53303118,10.77619054,127.7349475,0
122.3359375,49.2449676,0.056636083,-0.087373521,1.369565217,13.95988796,12.004917,162.4644473,0
123.0,41.23446677,0.314192689,0.632505516,2.097826087,19.60763865,10.12840668,106.5587117,0
119.4609375,51.2304692,-0.058577693,-0.263184609,23.2909699,50.58871428,1.974391061,2.582679032,0
125.171875,51.89699976,0.091836436,-0.645752495,2.585284281,15.0860492,8.366171686,92.97505373,0
43.984375,31.09008694,4.307838399,23.46514359,46.1680602,64.45307087,1.295862671,0.834444663,1
109.2421875,52.49639066,0.093256636,-0.373042383,5.877926421,30.19803889,5.648042668,32.78844175,0
15.2578125,29.85387488,6.274609024,41.33910601,82.6680602,56.17240259,1.10293196,1.344280427,1
128.34375,41.31631743,0.097544059,0.834374114,6.773411371,32.2657184,4.987801561,24.9487924,0
128.609375,57.56019056,-0.236577724,-0.251932651,0.642140468,9.47416996,19.99649016,471.3449512,0
122.1015625,54.09017931,0.006562854,-0.533371047,1.852006689,14.67202207,11.68979902,160.1716122,0
110.59375,45.82071678,0.621978969,0.512167039,1.389632107,16.53840244,12.81671421,168.6137588,0
115.875,45.92640172,0.296296805,-0.05143602,5.663879599,30.00037457,5.684501691,32.85561493,0
123.2421875,50.88939386,0.172553188,-0.103118902,2.498327759,16.24352191,8.43182599,89.34832696,0
117.7421875,46.46794024,0.115642454,0.021452025,6.933946488,34.77305522,5.120348883,25.50043493,0
106.9296875,38.95453752,0.047006052,0.851953601,3.684782609,25.07043861,7.14370836,51.64343745,0
133.0703125,46.01531396,0.269562998,-0.045585264,3.678093645,20.42719075,7.512515056,65.00396059,0
74.9765625,36.06254654,1.198350272,4.079159676,2.413879599,14.9512063,9.206631696,109.2520303,0
99.6015625,36.33316749,0.74438565,2.048660222,2.607023411,16.03203578,8.829618958,96.37416339,0
117.765625,42.01608404,0.138450462,0.694804103,1.589464883,15.62369532,11.74582826,153.3327487,0
128.125,56.90548633,-0.146464071,-0.407132818,2.39548495,14.7491266,9.728091539,120.783975,0
134.3671875,54.31690447,-0.051239878,-0.495109139,22.61622074,60.24565684,2.443981218,4.365741512,0
122.640625,44.93845346,-0.104964552,0.063493669,2.301839465,14.56406778,9.430993281,114.3650702,0
132.3671875,45.0913779,-0.015011342,0.455892296,5.434782609,28.13393542,5.520770628,31.45380023,0
93.5703125,46.69811352,0.53190485,0.416721117,1.636287625,14.54507425,10.6217484,131.3940043,0
116.234375,50.75346115,0.342410251,0.091198089,1.641304348,11.30998019,12.88081641,233.8960053,0
109.1796875,56.20462525,0.235827832,-0.533316559,1.786789298,15.75031537,11.05478366,137.2519086,0
118.7109375,53.22595589,0.163590447,-0.309397755,2.461538462,19.59137819,9.710144521,102.8217474,0
125.3203125,48.70140745,-0.207547976,-0.169519124,1.755852843,15.31788878,11.51337638,148.9446756,0
117.2890625,51.91867925,0.483325837,-0.260869968,4.642976589,23.5452768,6.613578984,49.88147129,0
127.5390625,49.18061457,-0.038416306,-0.233239889,2.085284281,17.43572288,10.26158089,118.4921039,0
98.9140625,48.40600223,0.413448085,0.236233836,2.498327759,14.1526259,9.188782979,115.1707384,0
131.4453125,50.27499512,0.194027854,-0.297258421,1.498327759,12.96847853,12.12466367,183.295974,0
51.765625,28.01157249,4.106637024,25.2795918,25.71153846,60.54615891,2.420031117,4.672226562,1
120.09375,47.10102797,0.139785725,-0.083436963,0.574414716,8.687455738,23.80134612,646.0114,0
118.484375,40.53489707,0.362327626,0.859121741,0.732441472,10.37089691,18.2661639,378.6511003,0
98.90625,43.25459468,0.522971273,0.792683684,7.450668896,34.2361718,4.852467339,23.58415103,0
132.4609375,45.28070477,0.221791959,0.185492636,1.27090301,14.05894862,13.95631844,216.4540163,0
119.0859375,56.41836294,0.174265684,-0.360186913,1.793478261,12.53923572,10.99573292,165.9697071,0
127.375,50.52613804,-0.171916278,-0.376406839,1.2909699,12.56277689,12.11694083,180.0725519,0
68.6640625,39.96077713,2.207951355,6.626120947,18.96070234,49.14829067,2.825848881,7.626327356,1
122.890625,47.637668,0.133698176,-0.221576954,3.301839465,21.27004339,8.260140218,74.62240619,0
135.4921875,49.20540432,0.012928394,-0.374392826,15.71571906,46.69549605,3.269131003,10.04537237,0
129.90625,49.69743415,-0.11318216,-0.152851407,2.823578595,16.99901077,8.104557795,78.70205026,0
126.4921875,53.35670004,-0.137655493,-0.351905966,29.80936455,59.52218141,1.717424624,1.451572297,0
93.8046875,44.3919085,0.51946322,0.918480071,4.758361204,24.92650009,5.673941821,33.46400644,0
105.03125,52.57137076,0.501118757,0.31914363,1.122909699,12.36542719,13.80128492,220.7028811,0
114.4140625,34.39420539,0.165661927,1.896126706,2.518394649,19.40568899,8.370938072,74.92440727,0
125.2890625,50.17409571,0.177911608,-0.398289466,48.89130435,84.98618749,1.256893199,-0.277170426,0
111.9140625,52.97228452,0.150214793,-0.409199784,1.627926421,15.43205594,11.61267547,149.3281047,0
121.78125,47.62072446,0.038439721,-0.274143124,3.112876254,16.66178818,7.290878564,68.99755547,0
26.8984375,45.92314229,3.73105918,13.47608949,83.55351171,66.13780065,0.591620177,-0.341973448,1
129.234375,37.73975117,0.059937597,0.945563451,1.597826087,11.53319893,12.83623273,224.7850226,0
118.9375,43.61850775,0.525002569,0.783962278,2.038461538,15.76834364,10.20985714,122.4161964,0
114.4375,49.82622145,0.115212978,-0.230932739,3.076923077,18.71715458,7.880338169,73.57498589,0
108.25,40.7820043,0.353085065,1.425587973,2.950668896,15.19665101,7.812831074,85.5115383,0
119.8203125,45.2200235,0.071481883,-0.041618342,2.029264214,14.30356435,10.41010285,134.843886,0
96.28125,42.72293323,0.424916113,0.796946966,1.173076923,13.62386423,13.45525234,198.2059999,0
68.1640625,39.37852709,1.097031072,2.901759736,2.510033445,15.38075502,8.411093732,90.5343359,0
100.5625,38.72453801,0.218880221,1.206122217,3.153010033,20.51467782,7.845701014,69.16399311,0
117.078125,59.35836733,0.146982819,-0.463014604,1.468227425,14.46919784,12.28357567,173.7445371,0
134.265625,48.08918868,-0.238051475,0.061719586,6.983277592,32.2806939,5.39027296,29.93755263,0
135.4765625,54.57104957,-0.78854709,0.077817506,3.060200669,25.11591298,8.363555112,69.39189395,0
111.6171875,41.33459528,0.174967056,0.653560205,2.352842809,17.04575537,8.468793329,81.61297664,0
105.359375,39.3239221,0.290554908,1.597021884,1.443979933,10.65141058,14.32043309,286.2754585,0
130.5234375,54.21988865,-0.007444654,-0.349062576,2.927257525,17.86784147,8.244006197,81.72484636,0
126.59375,45.36422694,0.024258296,-0.07985759,7.795986622,32.5024082,4.526475903,20.55551215,0
140.4140625,49.76233003,-0.116157196,-0.214937275,3.126254181,19.37631074,7.964539202,73.49402631,0
107.375,48.63817302,0.218811901,-0.236767708,2.515050167,22.1020499,9.173029933,85.13303432,0
125.203125,50.54922715,-0.125812112,-0.200351374,2.387959866,19.12824145,8.997247672,86.97260875,0
